18,18
7,39
18,49
52,18
41,39
52,49
86,18
75,39
86,49
120,18
109,39
120,49
154,18
143,39
154,49
188,18
177,39
188,49
222,18
211,39
222,49
256,18
245,39
256,49
290,18
279,39
290,49
324,18
313,39
324,49
358,18
347,39
358,49
392,18
381,39
392,49
426,18
415,39
426,49
460,18
449,39
460,49
494,18
483,39
494,49
528,18
517,39
528,49
562,18
551,39
562,49
596,18
585,39
596,49
630,18
619,39
630,49
664,18
653,39
664,49
698,18
687,39
698,49
732,18
721,39
732,49
766,18
755,39
766,49
800,18
789,39
800,49
834,18
823,39
834,49
868,18
857,39
868,49
902,18
891,39
902,49
936,18
925,39
936,49
970,18
959,39
970,49
1004,18
993,39
1004,49
1038,18
1027,39
1038,49
1072,18
1061,39
1072,49
1106,18
1095,39
1106,49
1140,18
1129,39
1140,49
1174,18
1163,39
1174,49
1208,18
1197,39
1208,49
1242,18
1231,39
1242,49
1276,18
1265,39
1276,49
1310,18
1299,39
1310,49
1344,18
1333,39
1344,49
1378,18
1367,39
1378,49
1412,18
1401,39
1412,49
1446,18
1435,39
1446,49
1480,18
1469,39
1480,49
1514,18
1503,39
1514,49
1548,18
1537,39
1548,49
1582,18
1571,39
1582,49
1616,18
1605,39
1616,49
1650,18
1639,39
1650,49
1684,18
1673,39
1684,49
1718,18
1707,39
1718,49
1752,18
1741,39
1752,49
1786,18
1775,39
1786,49
1820,18
1809,39
1820,49
1854,18
1843,39
1854,49
1888,18
1877,39
1888,49
18,80
7,101
18,111
52,80
41,101
52,111
86,80
75,101
86,111
120,80
109,101
120,111
154,80
143,101
154,111
188,80
177,101
188,111
222,80
211,101
222,111
256,80
245,101
256,111
290,80
279,101
290,111
324,80
313,101
324,111
358,80
347,101
358,111
392,80
381,101
392,111
426,80
415,101
426,111
460,80
449,101
460,111
494,80
483,101
494,111
528,80
517,101
528,111
562,80
551,101
562,111
596,80
585,101
596,111
630,80
619,101
630,111
664,80
653,101
664,111
698,80
687,101
698,111
732,80
721,101
732,111
766,80
755,101
766,111
800,80
789,101
800,111
834,80
823,101
834,111
868,80
857,101
868,111
902,80
891,101
902,111
936,80
925,101
936,111
970,80
959,101
970,111
1004,80
993,101
1004,111
1038,80
1027,101
1038,111
1072,80
1061,101
1072,111
1106,80
1095,101
1106,111
1140,80
1129,101
1140,111
1174,80
1163,101
1174,111
1208,80
1197,101
1208,111
1242,80
1231,101
1242,111
1276,80
1265,101
1276,111
1310,80
1299,101
1310,111
1344,80
1333,101
1344,111
1378,80
1367,101
1378,111
1412,80
1401,101
1412,111
1446,80
1435,101
1446,111
1480,80
1469,101
1480,111
1514,80
1503,101
1514,111
1548,80
1537,101
1548,111
1582,80
1571,101
1582,111
1616,80
1605,101
1616,111
1650,80
1639,101
1650,111
1684,80
1673,101
1684,111
1718,80
1707,101
1718,111
1752,80
1741,101
1752,111
1786,80
1775,101
1786,111
1820,80
1809,101
1820,111
1854,80
1843,101
1854,111
1888,80
1877,101
1888,111
18,142
7,163
18,173
52,142
41,163
52,173
86,142
75,163
86,173
120,142
109,163
120,173
154,142
143,163
154,173
188,142
177,163
188,173
222,142
211,163
222,173
256,142
245,163
256,173
290,142
279,163
290,173
324,142
313,163
324,173
358,142
347,163
358,173
392,142
381,163
392,173
426,142
415,163
426,173
460,142
449,163
460,173
494,142
483,163
494,173
528,142
517,163
528,173
562,142
551,163
562,173
596,142
585,163
596,173
630,142
619,163
630,173
664,142
653,163
664,173
698,142
687,163
698,173
732,142
721,163
732,173
766,142
755,163
766,173
800,142
789,163
800,173
834,142
823,163
834,173
868,142
857,163
868,173
902,142
891,163
902,173
936,142
925,163
936,173
970,142
959,163
970,173
1004,142
993,163
1004,173
1038,142
1027,163
1038,173
1072,142
1061,163
1072,173
1106,142
1095,163
1106,173
1140,142
1129,163
1140,173
1174,142
1163,163
1174,173
1208,142
1197,163
1208,173
1242,142
1231,163
1242,173
1276,142
1265,163
1276,173
1310,142
1299,163
1310,173
1344,142
1333,163
1344,173
1378,142
1367,163
1378,173
1412,142
1401,163
1412,173
1446,142
1435,163
1446,173
1480,142
1469,163
1480,173
1514,142
1503,163
1514,173
1548,142
1537,163
1548,173
1582,142
1571,163
1582,173
1616,142
1605,163
1616,173
1650,142
1639,163
1650,173
1684,142
1673,163
1684,173
1718,142
1707,163
1718,173
1752,142
1741,163
1752,173
1786,142
1775,163
1786,173
1820,142
1809,163
1820,173
1854,142
1843,163
1854,173
1888,142
1877,163
1888,173
18,204
7,225
18,235
52,204
41,225
52,235
86,204
75,225
86,235
120,204
109,225
120,235
154,204
143,225
154,235
188,204
177,225
188,235
222,204
211,225
222,235
256,204
245,225
256,235
290,204
279,225
290,235
324,204
313,225
324,235
358,204
347,225
358,235
392,204
381,225
392,235
426,204
415,225
426,235
460,204
449,225
460,235
494,204
483,225
494,235
528,204
517,225
528,235
562,204
551,225
562,235
596,204
585,225
596,235
630,204
619,225
630,235
664,204
653,225
664,235
698,204
687,225
698,235
732,204
721,225
732,235
766,204
755,225
766,235
800,204
789,225
800,235
834,204
823,225
834,235
868,204
857,225
868,235
902,204
891,225
902,235
936,204
925,225
936,235
970,204
959,225
970,235
1004,204
993,225
1004,235
1038,204
1027,225
1038,235
1072,204
1061,225
1072,235
1106,204
1095,225
1106,235
1140,204
1129,225
1140,235
1174,204
1163,225
1174,235
1208,204
1197,225
1208,235
1242,204
1231,225
1242,235
1276,204
1265,225
1276,235
1310,204
1299,225
1310,235
1344,204
1333,225
1344,235
1378,204
1367,225
1378,235
1412,204
1401,225
1412,235
1446,204
1435,225
1446,235
1480,204
1469,225
1480,235
1514,204
1503,225
1514,235
1548,204
1537,225
1548,235
1582,204
1571,225
1582,235
1616,204
1605,225
1616,235
1650,204
1639,225
1650,235
1684,204
1673,225
1684,235
1718,204
1707,225
1718,235
1752,204
1741,225
1752,235
1786,204
1775,225
1786,235
1820,204
1809,225
1820,235
1854,204
1843,225
1854,235
1888,204
1877,225
1888,235
18,266
7,287
18,297
52,266
41,287
52,297
86,266
75,287
86,297
120,266
109,287
120,297
154,266
143,287
154,297
188,266
177,287
188,297
222,266
211,287
222,297
256,266
245,287
256,297
290,266
279,287
290,297
324,266
313,287
324,297
358,266
347,287
358,297
392,266
381,287
392,297
426,266
415,287
426,297
460,266
449,287
460,297
494,266
483,287
494,297
528,266
517,287
528,297
562,266
551,287
562,297
596,266
585,287
596,297
630,266
619,287
630,297
664,266
653,287
664,297
698,266
687,287
698,297
732,266
721,287
732,297
766,266
755,287
766,297
800,266
789,287
800,297
834,266
823,287
834,297
868,266
857,287
868,297
902,266
891,287
902,297
936,266
925,287
936,297
970,266
959,287
970,297
1004,266
993,287
1004,297
1038,266
1027,287
1038,297
1072,266
1061,287
1072,297
1106,266
1095,287
1106,297
1140,266
1129,287
1140,297
1174,266
1163,287
1174,297
1208,266
1197,287
1208,297
1242,266
1231,287
1242,297
1276,266
1265,287
1276,297
1310,266
1299,287
1310,297
1344,266
1333,287
1344,297
1378,266
1367,287
1378,297
1412,266
1401,287
1412,297
1446,266
1435,287
1446,297
1480,266
1469,287
1480,297
1514,266
1503,287
1514,297
1548,266
1537,287
1548,297
1582,266
1571,287
1582,297
1616,266
1605,287
1616,297
1650,266
1639,287
1650,297
1684,266
1673,287
1684,297
1718,266
1707,287
1718,297
1752,266
1741,287
1752,297
1786,266
1775,287
1786,297
1820,266
1809,287
1820,297
1854,266
1843,287
1854,297
1888,266
1877,287
1888,297
18,328
7,349
18,359
52,328
41,349
52,359
86,328
75,349
86,359
120,328
109,349
120,359
154,328
143,349
154,359
188,328
177,349
188,359
222,328
211,349
222,359
256,328
245,349
256,359
290,328
279,349
290,359
324,328
313,349
324,359
358,328
347,349
358,359
392,328
381,349
392,359
426,328
415,349
426,359
460,328
449,349
460,359
494,328
483,349
494,359
528,328
517,349
528,359
562,328
551,349
562,359
596,328
585,349
596,359
630,328
619,349
630,359
664,328
653,349
664,359
698,328
687,349
698,359
732,328
721,349
732,359
766,328
755,349
766,359
800,328
789,349
800,359
834,328
823,349
834,359
868,328
857,349
868,359
902,328
891,349
902,359
936,328
925,349
936,359
970,328
959,349
970,359
1004,328
993,349
1004,359
1038,328
1027,349
1038,359
1072,328
1061,349
1072,359
1106,328
1095,349
1106,359
1140,328
1129,349
1140,359
1174,328
1163,349
1174,359
1208,328
1197,349
1208,359
1242,328
1231,349
1242,359
1276,328
1265,349
1276,359
1310,328
1299,349
1310,359
1344,328
1333,349
1344,359
1378,328
1367,349
1378,359
1412,328
1401,349
1412,359
1446,328
1435,349
1446,359
1480,328
1469,349
1480,359
1514,328
1503,349
1514,359
1548,328
1537,349
1548,359
1582,328
1571,349
1582,359
1616,328
1605,349
1616,359
1650,328
1639,349
1650,359
1684,328
1673,349
1684,359
1718,328
1707,349
1718,359
1752,328
1741,349
1752,359
1786,328
1775,349
1786,359
1820,328
1809,349
1820,359
1854,328
1843,349
1854,359
1888,328
1877,349
1888,359
18,390
7,411
18,421
52,390
41,411
52,421
86,390
75,411
86,421
120,390
109,411
120,421
154,390
143,411
154,421
188,390
177,411
188,421
222,390
211,411
222,421
256,390
245,411
256,421
290,390
279,411
290,421
324,390
313,411
324,421
358,390
347,411
358,421
392,390
381,411
392,421
426,390
415,411
426,421
460,390
449,411
460,421
494,390
483,411
494,421
528,390
517,411
528,421
562,390
551,411
562,421
596,390
585,411
596,421
630,390
619,411
630,421
664,390
653,411
664,421
698,390
687,411
698,421
732,390
721,411
732,421
766,390
755,411
766,421
800,390
789,411
800,421
834,390
823,411
834,421
868,390
857,411
868,421
902,390
891,411
902,421
936,390
925,411
936,421
970,390
959,411
970,421
1004,390
993,411
1004,421
1038,390
1027,411
1038,421
1072,390
1061,411
1072,421
1106,390
1095,411
1106,421
1140,390
1129,411
1140,421
1174,390
1163,411
1174,421
1208,390
1197,411
1208,421
1242,390
1231,411
1242,421
1276,390
1265,411
1276,421
1310,390
1299,411
1310,421
1344,390
1333,411
1344,421
1378,390
1367,411
1378,421
1412,390
1401,411
1412,421
1446,390
1435,411
1446,421
1480,390
1469,411
1480,421
1514,390
1503,411
1514,421
1548,390
1537,411
1548,421
1582,390
1571,411
1582,421
1616,390
1605,411
1616,421
1650,390
1639,411
1650,421
1684,390
1673,411
1684,421
1718,390
1707,411
1718,421
1752,390
1741,411
1752,421
1786,390
1775,411
1786,421
1820,390
1809,411
1820,421
1854,390
1843,411
1854,421
1888,390
1877,411
1888,421
18,452
7,473
18,483
52,452
41,473
52,483
86,452
75,473
86,483
120,452
109,473
120,483
154,452
143,473
154,483
188,452
177,473
188,483
222,452
211,473
222,483
256,452
245,473
256,483
290,452
279,473
290,483
324,452
313,473
324,483
358,452
347,473
358,483
392,452
381,473
392,483
426,452
415,473
426,483
460,452
449,473
460,483
494,452
483,473
494,483
528,452
517,473
528,483
562,452
551,473
562,483
596,452
585,473
596,483
630,452
619,473
630,483
664,452
653,473
664,483
698,452
687,473
698,483
732,452
721,473
732,483
766,452
755,473
766,483
800,452
789,473
800,483
834,452
823,473
834,483
868,452
857,473
868,483
902,452
891,473
902,483
936,452
925,473
936,483
970,452
959,473
970,483
1004,452
993,473
1004,483
1038,452
1027,473
1038,483
1072,452
1061,473
1072,483
1106,452
1095,473
1106,483
1140,452
1129,473
1140,483
1174,452
1163,473
1174,483
1208,452
1197,473
1208,483
1242,452
1231,473
1242,483
1276,452
1265,473
1276,483
1310,452
1299,473
1310,483
1344,452
1333,473
1344,483
1378,452
1367,473
1378,483
1412,452
1401,473
1412,483
1446,452
1435,473
1446,483
1480,452
1469,473
1480,483
1514,452
1503,473
1514,483
1548,452
1537,473
1548,483
1582,452
1571,473
1582,483
1616,452
1605,473
1616,483
1650,452
1639,473
1650,483
1684,452
1673,473
1684,483
1718,452
1707,473
1718,483
1752,452
1741,473
1752,483
1786,452
1775,473
1786,483
1820,452
1809,473
1820,483
1854,452
1843,473
1854,483
1888,452
1877,473
1888,483
18,514
7,535
18,545
52,514
41,535
52,545
86,514
75,535
86,545
120,514
109,535
120,545
154,514
143,535
154,545
188,514
177,535
188,545
222,514
211,535
222,545
256,514
245,535
256,545
290,514
279,535
290,545
324,514
313,535
324,545
358,514
347,535
358,545
392,514
381,535
392,545
426,514
415,535
426,545
460,514
449,535
460,545
494,514
483,535
494,545
528,514
517,535
528,545
562,514
551,535
562,545
596,514
585,535
596,545
630,514
619,535
630,545
664,514
653,535
664,545
698,514
687,535
698,545
732,514
721,535
732,545
766,514
755,535
766,545
800,514
789,535
800,545
834,514
823,535
834,545
868,514
857,535
868,545
902,514
891,535
902,545
936,514
925,535
936,545
970,514
959,535
970,545
1004,514
993,535
1004,545
1038,514
1027,535
1038,545
1072,514
1061,535
1072,545
1106,514
1095,535
1106,545
1140,514
1129,535
1140,545
1174,514
1163,535
1174,545
1208,514
1197,535
1208,545
1242,514
1231,535
1242,545
1276,514
1265,535
1276,545
1310,514
1299,535
1310,545
1344,514
1333,535
1344,545
1378,514
1367,535
1378,545
1412,514
1401,535
1412,545
1446,514
1435,535
1446,545
1480,514
1469,535
1480,545
1514,514
1503,535
1514,545
1548,514
1537,535
1548,545
1582,514
1571,535
1582,545
1616,514
1605,535
1616,545
1650,514
1639,535
1650,545
1684,514
1673,535
1684,545
1718,514
1707,535
1718,545
1752,514
1741,535
1752,545
1786,514
1775,535
1786,545
1820,514
1809,535
1820,545
1854,514
1843,535
1854,545
1888,514
1877,535
1888,545
18,576
7,597
18,607
52,576
41,597
52,607
86,576
75,597
86,607
120,576
109,597
120,607
154,576
143,597
154,607
188,576
177,597
188,607
222,576
211,597
222,607
256,576
245,597
256,607
290,576
279,597
290,607
324,576
313,597
324,607
358,576
347,597
358,607
392,576
381,597
392,607
426,576
415,597
426,607
460,576
449,597
460,607
494,576
483,597
494,607
528,576
517,597
528,607
562,576
551,597
562,607
596,576
585,597
596,607
630,576
619,597
630,607
664,576
653,597
664,607
698,576
687,597
698,607
732,576
721,597
732,607
766,576
755,597
766,607
800,576
789,597
800,607
834,576
823,597
834,607
868,576
857,597
868,607
902,576
891,597
902,607
936,576
925,597
936,607
970,576
959,597
970,607
1004,576
993,597
1004,607
1038,576
1027,597
1038,607
1072,576
1061,597
1072,607
1106,576
1095,597
1106,607
1140,576
1129,597
1140,607
1174,576
1163,597
1174,607
1208,576
1197,597
1208,607
1242,576
1231,597
1242,607
1276,576
1265,597
1276,607
1310,576
1299,597
1310,607
1344,576
1333,597
1344,607
1378,576
1367,597
1378,607
1412,576
1401,597
1412,607
1446,576
1435,597
1446,607
1480,576
1469,597
1480,607
1514,576
1503,597
1514,607
1548,576
1537,597
1548,607
1582,576
1571,597
1582,607
1616,576
1605,597
1616,607
1650,576
1639,597
1650,607
1684,576
1673,597
1684,607
1718,576
1707,597
1718,607
1752,576
1741,597
1752,607
1786,576
1775,597
1786,607
1820,576
1809,597
1820,607
1854,576
1843,597
1854,607
1888,576
1877,597
1888,607
18,638
7,659
18,669
52,638
41,659
52,669
86,638
75,659
86,669
120,638
109,659
120,669
154,638
143,659
154,669
188,638
177,659
188,669
222,638
211,659
222,669
256,638
245,659
256,669
290,638
279,659
290,669
324,638
313,659
324,669
358,638
347,659
358,669
392,638
381,659
392,669
426,638
415,659
426,669
460,638
449,659
460,669
494,638
483,659
494,669
528,638
517,659
528,669
562,638
551,659
562,669
596,638
585,659
596,669
630,638
619,659
630,669
664,638
653,659
664,669
698,638
687,659
698,669
732,638
721,659
732,669
766,638
755,659
766,669
800,638
789,659
800,669
834,638
823,659
834,669
868,638
857,659
868,669
902,638
891,659
902,669
936,638
925,659
936,669
970,638
959,659
970,669
1004,638
993,659
1004,669
1038,638
1027,659
1038,669
1072,638
1061,659
1072,669
1106,638
1095,659
1106,669
1140,638
1129,659
1140,669
1174,638
1163,659
1174,669
1208,638
1197,659
1208,669
1242,638
1231,659
1242,669
1276,638
1265,659
1276,669
1310,638
1299,659
1310,669
1344,638
1333,659
1344,669
1378,638
1367,659
1378,669
1412,638
1401,659
1412,669
1446,638
1435,659
1446,669
1480,638
1469,659
1480,669
1514,638
1503,659
1514,669
1548,638
1537,659
1548,669
1582,638
1571,659
1582,669
1616,638
1605,659
1616,669
1650,638
1639,659
1650,669
1684,638
1673,659
1684,669
1718,638
1707,659
1718,669
1752,638
1741,659
1752,669
1786,638
1775,659
1786,669
1820,638
1809,659
1820,669
1854,638
1843,659
1854,669
1888,638
1877,659
1888,669
18,700
7,721
18,731
52,700
41,721
52,731
86,700
75,721
86,731
120,700
109,721
120,731
154,700
143,721
154,731
188,700
177,721
188,731
222,700
211,721
222,731
256,700
245,721
256,731
290,700
279,721
290,731
324,700
313,721
324,731
358,700
347,721
358,731
392,700
381,721
392,731
426,700
415,721
426,731
460,700
449,721
460,731
494,700
483,721
494,731
528,700
517,721
528,731
562,700
551,721
562,731
596,700
585,721
596,731
630,700
619,721
630,731
664,700
653,721
664,731
698,700
687,721
698,731
732,700
721,721
732,731
766,700
755,721
766,731
800,700
789,721
800,731
834,700
823,721
834,731
868,700
857,721
868,731
902,700
891,721
902,731
936,700
925,721
936,731
970,700
959,721
970,731
1004,700
993,721
1004,731
1038,700
1027,721
1038,731
1072,700
1061,721
1072,731
1106,700
1095,721
1106,731
1140,700
1129,721
1140,731
1174,700
1163,721
1174,731
1208,700
1197,721
1208,731
1242,700
1231,721
1242,731
1276,700
1265,721
1276,731
1310,700
1299,721
1310,731
1344,700
1333,721
1344,731
1378,700
1367,721
1378,731
1412,700
1401,721
1412,731
1446,700
1435,721
1446,731
1480,700
1469,721
1480,731
1514,700
1503,721
1514,731
1548,700
1537,721
1548,731
1582,700
1571,721
1582,731
1616,700
1605,721
1616,731
1650,700
1639,721
1650,731
1684,700
1673,721
1684,731
1718,700
1707,721
1718,731
1752,700
1741,721
1752,731
1786,700
1775,721
1786,731
1820,700
1809,721
1820,731
1854,700
1843,721
1854,731
1888,700
1877,721
1888,731
18,762
7,783
18,793
52,762
41,783
52,793
86,762
75,783
86,793
120,762
109,783
120,793
154,762
143,783
154,793
188,762
177,783
188,793
222,762
211,783
222,793
256,762
245,783
256,793
290,762
279,783
290,793
324,762
313,783
324,793
358,762
347,783
358,793
392,762
381,783
392,793
426,762
415,783
426,793
460,762
449,783
460,793
494,762
483,783
494,793
528,762
517,783
528,793
562,762
551,783
562,793
596,762
585,783
596,793
630,762
619,783
630,793
664,762
653,783
664,793
698,762
687,783
698,793
732,762
721,783
732,793
766,762
755,783
766,793
800,762
789,783
800,793
834,762
823,783
834,793
868,762
857,783
868,793
902,762
891,783
902,793
936,762
925,783
936,793
970,762
959,783
970,793
1004,762
993,783
1004,793
1038,762
1027,783
1038,793
1072,762
1061,783
1072,793
1106,762
1095,783
1106,793
1140,762
1129,783
1140,793
1174,762
1163,783
1174,793
1208,762
1197,783
1208,793
1242,762
1231,783
1242,793
1276,762
1265,783
1276,793
1310,762
1299,783
1310,793
1344,762
1333,783
1344,793
1378,762
1367,783
1378,793
1412,762
1401,783
1412,793
1446,762
1435,783
1446,793
1480,762
1469,783
1480,793
1514,762
1503,783
1514,793
1548,762
1537,783
1548,793
1582,762
1571,783
1582,793
1616,762
1605,783
1616,793
1650,762
1639,783
1650,793
1684,762
1673,783
1684,793
1718,762
1707,783
1718,793
1752,762
1741,783
1752,793
1786,762
1775,783
1786,793
1820,762
1809,783
1820,793
1854,762
1843,783
1854,793
1888,762
1877,783
1888,793
18,824
7,845
18,855
52,824
41,845
52,855
86,824
75,845
86,855
120,824
109,845
120,855
154,824
143,845
154,855
188,824
177,845
188,855
222,824
211,845
222,855
256,824
245,845
256,855
290,824
279,845
290,855
324,824
313,845
324,855
358,824
347,845
358,855
392,824
381,845
392,855
426,824
415,845
426,855
460,824
449,845
460,855
494,824
483,845
494,855
528,824
517,845
528,855
562,824
551,845
562,855
596,824
585,845
596,855
630,824
619,845
630,855
664,824
653,845
664,855
698,824
687,845
698,855
732,824
721,845
732,855
766,824
755,845
766,855
800,824
789,845
800,855
834,824
823,845
834,855
868,824
857,845
868,855
902,824
891,845
902,855
936,824
925,845
936,855
970,824
959,845
970,855
1004,824
993,845
1004,855
1038,824
1027,845
1038,855
1072,824
1061,845
1072,855
1106,824
1095,845
1106,855
1140,824
1129,845
1140,855
1174,824
1163,845
1174,855
1208,824
1197,845
1208,855
1242,824
1231,845
1242,855
1276,824
1265,845
1276,855
1310,824
1299,845
1310,855
1344,824
1333,845
1344,855
1378,824
1367,845
1378,855
1412,824
1401,845
1412,855
1446,824
1435,845
1446,855
1480,824
1469,845
1480,855
1514,824
1503,845
1514,855
1548,824
1537,845
1548,855
1582,824
1571,845
1582,855
1616,824
1605,845
1616,855
1650,824
1639,845
1650,855
1684,824
1673,845
1684,855
1718,824
1707,845
1718,855
1752,824
1741,845
1752,855
1786,824
1775,845
1786,855
1820,824
1809,845
1820,855
1854,824
1843,845
1854,855
1888,824
1877,845
1888,855
18,886
7,907
18,917
52,886
41,907
52,917
86,886
75,907
86,917
120,886
109,907
120,917
154,886
143,907
154,917
188,886
177,907
188,917
222,886
211,907
222,917
256,886
245,907
256,917
290,886
279,907
290,917
324,886
313,907
324,917
358,886
347,907
358,917
392,886
381,907
392,917
426,886
415,907
426,917
460,886
449,907
460,917
494,886
483,907
494,917
528,886
517,907
528,917
562,886
551,907
562,917
596,886
585,907
596,917
630,886
619,907
630,917
664,886
653,907
664,917
698,886
687,907
698,917
732,886
721,907
732,917
766,886
755,907
766,917
800,886
789,907
800,917
834,886
823,907
834,917
868,886
857,907
868,917
902,886
891,907
902,917
936,886
925,907
936,917
970,886
959,907
970,917
1004,886
993,907
1004,917
1038,886
1027,907
1038,917
1072,886
1061,907
1072,917
1106,886
1095,907
1106,917
1140,886
1129,907
1140,917
1174,886
1163,907
1174,917
1208,886
1197,907
1208,917
1242,886
1231,907
1242,917
1276,886
1265,907
1276,917
1310,886
1299,907
1310,917
1344,886
1333,907
1344,917
1378,886
1367,907
1378,917
1412,886
1401,907
1412,917
1446,886
1435,907
1446,917
1480,886
1469,907
1480,917
1514,886
1503,907
1514,917
1548,886
1537,907
1548,917
1582,886
1571,907
1582,917
1616,886
1605,907
1616,917
1650,886
1639,907
1650,917
1684,886
1673,907
1684,917
1718,886
1707,907
1718,917
1752,886
1741,907
1752,917
1786,886
1775,907
1786,917
1820,886
1809,907
1820,917
1854,886
1843,907
1854,917
1888,886
1877,907
1888,917
18,948
7,969
18,979
52,948
41,969
52,979
86,948
75,969
86,979
120,948
109,969
120,979
154,948
143,969
154,979
188,948
177,969
188,979
222,948
211,969
222,979
256,948
245,969
256,979
290,948
279,969
290,979
324,948
313,969
324,979
358,948
347,969
358,979
392,948
381,969
392,979
426,948
415,969
426,979
460,948
449,969
460,979
494,948
483,969
494,979
528,948
517,969
528,979
562,948
551,969
562,979
596,948
585,969
596,979
630,948
619,969
630,979
664,948
653,969
664,979
698,948
687,969
698,979
732,948
721,969
732,979
766,948
755,969
766,979
800,948
789,969
800,979
834,948
823,969
834,979
868,948
857,969
868,979
902,948
891,969
902,979
936,948
925,969
936,979
970,948
959,969
970,979
1004,948
993,969
1004,979
1038,948
1027,969
1038,979
1072,948
1061,969
1072,979
1106,948
1095,969
1106,979
1140,948
1129,969
1140,979
1174,948
1163,969
1174,979
1208,948
1197,969
1208,979
1242,948
1231,969
1242,979
1276,948
1265,969
1276,979
1310,948
1299,969
1310,979
1344,948
1333,969
1344,979
1378,948
1367,969
1378,979
1412,948
1401,969
1412,979
1446,948
1435,969
1446,979
1480,948
1469,969
1480,979
1514,948
1503,969
1514,979
1548,948
1537,969
1548,979
1582,948
1571,969
1582,979
1616,948
1605,969
1616,979
1650,948
1639,969
1650,979
1684,948
1673,969
1684,979
1718,948
1707,969
1718,979
1752,948
1741,969
1752,979
1786,948
1775,969
1786,979
1820,948
1809,969
1820,979
1854,948
1843,969
1854,979
1888,948
1877,969
1888,979
18,1010
7,1031
18,1041
52,1010
41,1031
52,1041
86,1010
75,1031
86,1041
120,1010
109,1031
120,1041
154,1010
143,1031
154,1041
188,1010
177,1031
188,1041
222,1010
211,1031
222,1041
256,1010
245,1031
256,1041
290,1010
279,1031
290,1041
324,1010
313,1031
324,1041
358,1010
347,1031
358,1041
392,1010
381,1031
392,1041
426,1010
415,1031
426,1041
460,1010
449,1031
460,1041
494,1010
483,1031
494,1041
528,1010
517,1031
528,1041
562,1010
551,1031
562,1041
596,1010
585,1031
596,1041
630,1010
619,1031
630,1041
664,1010
653,1031
664,1041
698,1010
687,1031
698,1041
732,1010
721,1031
732,1041
766,1010
755,1031
766,1041
800,1010
789,1031
800,1041
834,1010
823,1031
834,1041
868,1010
857,1031
868,1041
902,1010
891,1031
902,1041
936,1010
925,1031
936,1041
970,1010
959,1031
970,1041
1004,1010
993,1031
1004,1041
1038,1010
1027,1031
1038,1041
1072,1010
1061,1031
1072,1041
1106,1010
1095,1031
1106,1041
1140,1010
1129,1031
1140,1041
1174,1010
1163,1031
1174,1041
1208,1010
1197,1031
1208,1041
1242,1010
1231,1031
1242,1041
1276,1010
1265,1031
1276,1041
1310,1010
1299,1031
1310,1041
1344,1010
1333,1031
1344,1041
1378,1010
1367,1031
1378,1041
1412,1010
1401,1031
1412,1041
1446,1010
1435,1031
1446,1041
1480,1010
1469,1031
1480,1041
1514,1010
1503,1031
1514,1041
1548,1010
1537,1031
1548,1041
1582,1010
1571,1031
1582,1041
1616,1010
1605,1031
1616,1041
1650,1010
1639,1031
1650,1041
1684,1010
1673,1031
1684,1041
1718,1010
1707,1031
1718,1041
1752,1010
1741,1031
1752,1041
1786,1010
1775,1031
1786,1041
1820,1010
1809,1031
1820,1041
1854,1010
1843,1031
1854,1041
1888,1010
1877,1031
1888,1041
18,1072
7,1093
18,1103
52,1072
41,1093
52,1103
86,1072
75,1093
86,1103
120,1072
109,1093
120,1103
154,1072
143,1093
154,1103
188,1072
177,1093
188,1103
222,1072
211,1093
222,1103
256,1072
245,1093
256,1103
290,1072
279,1093
290,1103
324,1072
313,1093
324,1103
358,1072
347,1093
358,1103
392,1072
381,1093
392,1103
426,1072
415,1093
426,1103
460,1072
449,1093
460,1103
494,1072
483,1093
494,1103
528,1072
517,1093
528,1103
562,1072
551,1093
562,1103
596,1072
585,1093
596,1103
630,1072
619,1093
630,1103
664,1072
653,1093
664,1103
698,1072
687,1093
698,1103
732,1072
721,1093
732,1103
766,1072
755,1093
766,1103
800,1072
789,1093
800,1103
834,1072
823,1093
834,1103
868,1072
857,1093
868,1103
902,1072
891,1093
902,1103
936,1072
925,1093
936,1103
970,1072
959,1093
970,1103
1004,1072
993,1093
1004,1103
1038,1072
1027,1093
1038,1103
1072,1072
1061,1093
1072,1103
1106,1072
1095,1093
1106,1103
1140,1072
1129,1093
1140,1103
1174,1072
1163,1093
1174,1103
1208,1072
1197,1093
1208,1103
1242,1072
1231,1093
1242,1103
1276,1072
1265,1093
1276,1103
1310,1072
1299,1093
1310,1103
1344,1072
1333,1093
1344,1103
1378,1072
1367,1093
1378,1103
1412,1072
1401,1093
1412,1103
1446,1072
1435,1093
1446,1103
1480,1072
1469,1093
1480,1103
1514,1072
1503,1093
1514,1103
1548,1072
1537,1093
1548,1103
1582,1072
1571,1093
1582,1103
1616,1072
1605,1093
1616,1103
1650,1072
1639,1093
1650,1103
1684,1072
1673,1093
1684,1103
1718,1072
1707,1093
1718,1103
1752,1072
1741,1093
1752,1103
1786,1072
1775,1093
1786,1103
1820,1072
1809,1093
1820,1103
1854,1072
1843,1093
1854,1103
1888,1072
1877,1093
1888,1103
18,1134
7,1155
18,1165
52,1134
41,1155
52,1165
86,1134
75,1155
86,1165
120,1134
109,1155
120,1165
154,1134
143,1155
154,1165
188,1134
177,1155
188,1165
222,1134
211,1155
222,1165
256,1134
245,1155
256,1165
290,1134
279,1155
290,1165
324,1134
313,1155
324,1165
358,1134
347,1155
358,1165
392,1134
381,1155
392,1165
426,1134
415,1155
426,1165
460,1134
449,1155
460,1165
494,1134
483,1155
494,1165
528,1134
517,1155
528,1165
562,1134
551,1155
562,1165
596,1134
585,1155
596,1165
630,1134
619,1155
630,1165
664,1134
653,1155
664,1165
698,1134
687,1155
698,1165
732,1134
721,1155
732,1165
766,1134
755,1155
766,1165
800,1134
789,1155
800,1165
834,1134
823,1155
834,1165
868,1134
857,1155
868,1165
902,1134
891,1155
902,1165
936,1134
925,1155
936,1165
970,1134
959,1155
970,1165
1004,1134
993,1155
1004,1165
1038,1134
1027,1155
1038,1165
1072,1134
1061,1155
1072,1165
1106,1134
1095,1155
1106,1165
1140,1134
1129,1155
1140,1165
1174,1134
1163,1155
1174,1165
1208,1134
1197,1155
1208,1165
1242,1134
1231,1155
1242,1165
1276,1134
1265,1155
1276,1165
1310,1134
1299,1155
1310,1165
1344,1134
1333,1155
1344,1165
1378,1134
1367,1155
1378,1165
1412,1134
1401,1155
1412,1165
1446,1134
1435,1155
1446,1165
1480,1134
1469,1155
1480,1165
1514,1134
1503,1155
1514,1165
1548,1134
1537,1155
1548,1165
1582,1134
1571,1155
1582,1165
1616,1134
1605,1155
1616,1165
1650,1134
1639,1155
1650,1165
1684,1134
1673,1155
1684,1165
1718,1134
1707,1155
1718,1165
1752,1134
1741,1155
1752,1165
1786,1134
1775,1155
1786,1165
1820,1134
1809,1155
1820,1165
1854,1134
1843,1155
1854,1165
1888,1134
1877,1155
1888,1165
18,1196
7,1217
18,1227
52,1196
41,1217
52,1227
86,1196
75,1217
86,1227
120,1196
109,1217
120,1227
154,1196
143,1217
154,1227
188,1196
177,1217
188,1227
222,1196
211,1217
222,1227
256,1196
245,1217
256,1227
290,1196
279,1217
290,1227
324,1196
313,1217
324,1227
358,1196
347,1217
358,1227
392,1196
381,1217
392,1227
426,1196
415,1217
426,1227
460,1196
449,1217
460,1227
494,1196
483,1217
494,1227
528,1196
517,1217
528,1227
562,1196
551,1217
562,1227
596,1196
585,1217
596,1227
630,1196
619,1217
630,1227
664,1196
653,1217
664,1227
698,1196
687,1217
698,1227
732,1196
721,1217
732,1227
766,1196
755,1217
766,1227
800,1196
789,1217
800,1227
834,1196
823,1217
834,1227
868,1196
857,1217
868,1227
902,1196
891,1217
902,1227
936,1196
925,1217
936,1227
970,1196
959,1217
970,1227
1004,1196
993,1217
1004,1227
1038,1196
1027,1217
1038,1227
1072,1196
1061,1217
1072,1227
1106,1196
1095,1217
1106,1227
1140,1196
1129,1217
1140,1227
1174,1196
1163,1217
1174,1227
1208,1196
1197,1217
1208,1227
1242,1196
1231,1217
1242,1227
1276,1196
1265,1217
1276,1227
1310,1196
1299,1217
1310,1227
1344,1196
1333,1217
1344,1227
1378,1196
1367,1217
1378,1227
1412,1196
1401,1217
1412,1227
1446,1196
1435,1217
1446,1227
1480,1196
1469,1217
1480,1227
1514,1196
1503,1217
1514,1227
1548,1196
1537,1217
1548,1227
1582,1196
1571,1217
1582,1227
1616,1196
1605,1217
1616,1227
1650,1196
1639,1217
1650,1227
1684,1196
1673,1217
1684,1227
1718,1196
1707,1217
1718,1227
1752,1196
1741,1217
1752,1227
1786,1196
1775,1217
1786,1227
1820,1196
1809,1217
1820,1227
1854,1196
1843,1217
1854,1227
1888,1196
1877,1217
1888,1227
18,1258
7,1279
18,1289
52,1258
41,1279
52,1289
86,1258
75,1279
86,1289
120,1258
109,1279
120,1289
154,1258
143,1279
154,1289
188,1258
177,1279
188,1289
222,1258
211,1279
222,1289
256,1258
245,1279
256,1289
290,1258
279,1279
290,1289
324,1258
313,1279
324,1289
358,1258
347,1279
358,1289
392,1258
381,1279
392,1289
426,1258
415,1279
426,1289
460,1258
449,1279
460,1289
494,1258
483,1279
494,1289
528,1258
517,1279
528,1289
562,1258
551,1279
562,1289
596,1258
585,1279
596,1289
630,1258
619,1279
630,1289
664,1258
653,1279
664,1289
698,1258
687,1279
698,1289
732,1258
721,1279
732,1289
766,1258
755,1279
766,1289
800,1258
789,1279
800,1289
834,1258
823,1279
834,1289
868,1258
857,1279
868,1289
902,1258
891,1279
902,1289
936,1258
925,1279
936,1289
970,1258
959,1279
970,1289
1004,1258
993,1279
1004,1289
1038,1258
1027,1279
1038,1289
1072,1258
1061,1279
1072,1289
1106,1258
1095,1279
1106,1289
1140,1258
1129,1279
1140,1289
1174,1258
1163,1279
1174,1289
1208,1258
1197,1279
1208,1289
1242,1258
1231,1279
1242,1289
1276,1258
1265,1279
1276,1289
1310,1258
1299,1279
1310,1289
1344,1258
1333,1279
1344,1289
1378,1258
1367,1279
1378,1289
1412,1258
1401,1279
1412,1289
1446,1258
1435,1279
1446,1289
1480,1258
1469,1279
1480,1289
1514,1258
1503,1279
1514,1289
1548,1258
1537,1279
1548,1289
1582,1258
1571,1279
1582,1289
1616,1258
1605,1279
1616,1289
1650,1258
1639,1279
1650,1289
1684,1258
1673,1279
1684,1289
1718,1258
1707,1279
1718,1289
1752,1258
1741,1279
1752,1289
1786,1258
1775,1279
1786,1289
1820,1258
1809,1279
1820,1289
1854,1258
1843,1279
1854,1289
1888,1258
1877,1279
1888,1289
18,1320
7,1341
18,1351
52,1320
41,1341
52,1351
86,1320
75,1341
86,1351
120,1320
109,1341
120,1351
154,1320
143,1341
154,1351
188,1320
177,1341
188,1351
222,1320
211,1341
222,1351
256,1320
245,1341
256,1351
290,1320
279,1341
290,1351
324,1320
313,1341
324,1351
358,1320
347,1341
358,1351
392,1320
381,1341
392,1351
426,1320
415,1341
426,1351
460,1320
449,1341
460,1351
494,1320
483,1341
494,1351
528,1320
517,1341
528,1351
562,1320
551,1341
562,1351
596,1320
585,1341
596,1351
630,1320
619,1341
630,1351
664,1320
653,1341
664,1351
698,1320
687,1341
698,1351
732,1320
721,1341
732,1351
766,1320
755,1341
766,1351
800,1320
789,1341
800,1351
834,1320
823,1341
834,1351
868,1320
857,1341
868,1351
902,1320
891,1341
902,1351
936,1320
925,1341
936,1351
970,1320
959,1341
970,1351
1004,1320
993,1341
1004,1351
1038,1320
1027,1341
1038,1351
1072,1320
1061,1341
1072,1351
1106,1320
1095,1341
1106,1351
1140,1320
1129,1341
1140,1351
1174,1320
1163,1341
1174,1351
1208,1320
1197,1341
1208,1351
1242,1320
1231,1341
1242,1351
1276,1320
1265,1341
1276,1351
1310,1320
1299,1341
1310,1351
1344,1320
1333,1341
1344,1351
1378,1320
1367,1341
1378,1351
1412,1320
1401,1341
1412,1351
1446,1320
1435,1341
1446,1351
1480,1320
1469,1341
1480,1351
1514,1320
1503,1341
1514,1351
1548,1320
1537,1341
1548,1351
1582,1320
1571,1341
1582,1351
1616,1320
1605,1341
1616,1351
1650,1320
1639,1341
1650,1351
1684,1320
1673,1341
1684,1351
1718,1320
1707,1341
1718,1351
1752,1320
1741,1341
1752,1351
1786,1320
1775,1341
1786,1351
1820,1320
1809,1341
1820,1351
1854,1320
1843,1341
1854,1351
1888,1320
1877,1341
1888,1351
18,1382
7,1403
18,1413
52,1382
41,1403
52,1413
86,1382
75,1403
86,1413
120,1382
109,1403
120,1413
154,1382
143,1403
154,1413
188,1382
177,1403
188,1413
222,1382
211,1403
222,1413
256,1382
245,1403
256,1413
290,1382
279,1403
290,1413
324,1382
313,1403
324,1413
358,1382
347,1403
358,1413
392,1382
381,1403
392,1413
426,1382
415,1403
426,1413
460,1382
449,1403
460,1413
494,1382
483,1403
494,1413
528,1382
517,1403
528,1413
562,1382
551,1403
562,1413
596,1382
585,1403
596,1413
630,1382
619,1403
630,1413
664,1382
653,1403
664,1413
698,1382
687,1403
698,1413
732,1382
721,1403
732,1413
766,1382
755,1403
766,1413
800,1382
789,1403
800,1413
834,1382
823,1403
834,1413
868,1382
857,1403
868,1413
902,1382
891,1403
902,1413
936,1382
925,1403
936,1413
970,1382
959,1403
970,1413
1004,1382
993,1403
1004,1413
1038,1382
1027,1403
1038,1413
1072,1382
1061,1403
1072,1413
1106,1382
1095,1403
1106,1413
1140,1382
1129,1403
1140,1413
1174,1382
1163,1403
1174,1413
1208,1382
1197,1403
1208,1413
1242,1382
1231,1403
1242,1413
1276,1382
1265,1403
1276,1413
1310,1382
1299,1403
1310,1413
1344,1382
1333,1403
1344,1413
1378,1382
1367,1403
1378,1413
1412,1382
1401,1403
1412,1413
1446,1382
1435,1403
1446,1413
1480,1382
1469,1403
1480,1413
1514,1382
1503,1403
1514,1413
1548,1382
1537,1403
1548,1413
1582,1382
1571,1403
1582,1413
1616,1382
1605,1403
1616,1413
1650,1382
1639,1403
1650,1413
1684,1382
1673,1403
1684,1413
1718,1382
1707,1403
1718,1413
1752,1382
1741,1403
1752,1413
1786,1382
1775,1403
1786,1413
1820,1382
1809,1403
1820,1413
1854,1382
1843,1403
1854,1413
1888,1382
1877,1403
1888,1413
18,1444
7,1465
18,1475
52,1444
41,1465
52,1475
86,1444
75,1465
86,1475
120,1444
109,1465
120,1475
154,1444
143,1465
154,1475
188,1444
177,1465
188,1475
222,1444
211,1465
222,1475
256,1444
245,1465
256,1475
290,1444
279,1465
290,1475
324,1444
313,1465
324,1475
358,1444
347,1465
358,1475
392,1444
381,1465
392,1475
426,1444
415,1465
426,1475
460,1444
449,1465
460,1475
494,1444
483,1465
494,1475
528,1444
517,1465
528,1475
562,1444
551,1465
562,1475
596,1444
585,1465
596,1475
630,1444
619,1465
630,1475
664,1444
653,1465
664,1475
698,1444
687,1465
698,1475
732,1444
721,1465
732,1475
766,1444
755,1465
766,1475
800,1444
789,1465
800,1475
834,1444
823,1465
834,1475
868,1444
857,1465
868,1475
902,1444
891,1465
902,1475
936,1444
925,1465
936,1475
970,1444
959,1465
970,1475
1004,1444
993,1465
1004,1475
1038,1444
1027,1465
1038,1475
1072,1444
1061,1465
1072,1475
1106,1444
1095,1465
1106,1475
1140,1444
1129,1465
1140,1475
1174,1444
1163,1465
1174,1475
1208,1444
1197,1465
1208,1475
1242,1444
1231,1465
1242,1475
1276,1444
1265,1465
1276,1475
1310,1444
1299,1465
1310,1475
1344,1444
1333,1465
1344,1475
1378,1444
1367,1465
1378,1475
1412,1444
1401,1465
1412,1475
1446,1444
1435,1465
1446,1475
1480,1444
1469,1465
1480,1475
1514,1444
1503,1465
1514,1475
1548,1444
1537,1465
1548,1475
1582,1444
1571,1465
1582,1475
1616,1444
1605,1465
1616,1475
1650,1444
1639,1465
1650,1475
1684,1444
1673,1465
1684,1475
1718,1444
1707,1465
1718,1475
1752,1444
1741,1465
1752,1475
1786,1444
1775,1465
1786,1475
1820,1444
1809,1465
1820,1475
1854,1444
1843,1465
1854,1475
1888,1444
1877,1465
1888,1475
18,1506
7,1527
18,1537
52,1506
41,1527
52,1537
86,1506
75,1527
86,1537
120,1506
109,1527
120,1537
154,1506
143,1527
154,1537
188,1506
177,1527
188,1537
222,1506
211,1527
222,1537
256,1506
245,1527
256,1537
290,1506
279,1527
290,1537
324,1506
313,1527
324,1537
358,1506
347,1527
358,1537
392,1506
381,1527
392,1537
426,1506
415,1527
426,1537
460,1506
449,1527
460,1537
494,1506
483,1527
494,1537
528,1506
517,1527
528,1537
562,1506
551,1527
562,1537
596,1506
585,1527
596,1537
630,1506
619,1527
630,1537
664,1506
653,1527
664,1537
698,1506
687,1527
698,1537
732,1506
721,1527
732,1537
766,1506
755,1527
766,1537
800,1506
789,1527
800,1537
834,1506
823,1527
834,1537
868,1506
857,1527
868,1537
902,1506
891,1527
902,1537
936,1506
925,1527
936,1537
970,1506
959,1527
970,1537
1004,1506
993,1527
1004,1537
1038,1506
1027,1527
1038,1537
1072,1506
1061,1527
1072,1537
1106,1506
1095,1527
1106,1537
1140,1506
1129,1527
1140,1537
1174,1506
1163,1527
1174,1537
1208,1506
1197,1527
1208,1537
1242,1506
1231,1527
1242,1537
1276,1506
1265,1527
1276,1537
1310,1506
1299,1527
1310,1537
1344,1506
1333,1527
1344,1537
1378,1506
1367,1527
1378,1537
1412,1506
1401,1527
1412,1537
1446,1506
1435,1527
1446,1537
1480,1506
1469,1527
1480,1537
1514,1506
1503,1527
1514,1537
1548,1506
1537,1527
1548,1537
1582,1506
1571,1527
1582,1537
1616,1506
1605,1527
1616,1537
1650,1506
1639,1527
1650,1537
1684,1506
1673,1527
1684,1537
1718,1506
1707,1527
1718,1537
1752,1506
1741,1527
1752,1537
1786,1506
1775,1527
1786,1537
1820,1506
1809,1527
1820,1537
1854,1506
1843,1527
1854,1537
1888,1506
1877,1527
1888,1537
18,1568
7,1589
18,1599
52,1568
41,1589
52,1599
86,1568
75,1589
86,1599
120,1568
109,1589
120,1599
154,1568
143,1589
154,1599
188,1568
177,1589
188,1599
222,1568
211,1589
222,1599
256,1568
245,1589
256,1599
290,1568
279,1589
290,1599
324,1568
313,1589
324,1599
358,1568
347,1589
358,1599
392,1568
381,1589
392,1599
426,1568
415,1589
426,1599
460,1568
449,1589
460,1599
494,1568
483,1589
494,1599
528,1568
517,1589
528,1599
562,1568
551,1589
562,1599
596,1568
585,1589
596,1599
630,1568
619,1589
630,1599
664,1568
653,1589
664,1599
698,1568
687,1589
698,1599
732,1568
721,1589
732,1599
766,1568
755,1589
766,1599
800,1568
789,1589
800,1599
834,1568
823,1589
834,1599
868,1568
857,1589
868,1599
902,1568
891,1589
902,1599
936,1568
925,1589
936,1599
970,1568
959,1589
970,1599
1004,1568
993,1589
1004,1599
1038,1568
1027,1589
1038,1599
1072,1568
1061,1589
1072,1599
1106,1568
1095,1589
1106,1599
1140,1568
1129,1589
1140,1599
1174,1568
1163,1589
1174,1599
1208,1568
1197,1589
1208,1599
1242,1568
1231,1589
1242,1599
1276,1568
1265,1589
1276,1599
1310,1568
1299,1589
1310,1599
1344,1568
1333,1589
1344,1599
1378,1568
1367,1589
1378,1599
1412,1568
1401,1589
1412,1599
1446,1568
1435,1589
1446,1599
1480,1568
1469,1589
1480,1599
1514,1568
1503,1589
1514,1599
1548,1568
1537,1589
1548,1599
1582,1568
1571,1589
1582,1599
1616,1568
1605,1589
1616,1599
1650,1568
1639,1589
1650,1599
1684,1568
1673,1589
1684,1599
1718,1568
1707,1589
1718,1599
1752,1568
1741,1589
1752,1599
1786,1568
1775,1589
1786,1599
1820,1568
1809,1589
1820,1599
1854,1568
1843,1589
1854,1599
1888,1568
1877,1589
1888,1599
18,1630
7,1651
18,1661
52,1630
41,1651
52,1661
86,1630
75,1651
86,1661
120,1630
109,1651
120,1661
154,1630
143,1651
154,1661
188,1630
177,1651
188,1661
222,1630
211,1651
222,1661
256,1630
245,1651
256,1661
290,1630
279,1651
290,1661
324,1630
313,1651
324,1661
358,1630
347,1651
358,1661
392,1630
381,1651
392,1661
426,1630
415,1651
426,1661
460,1630
449,1651
460,1661
494,1630
483,1651
494,1661
528,1630
517,1651
528,1661
562,1630
551,1651
562,1661
596,1630
585,1651
596,1661
630,1630
619,1651
630,1661
664,1630
653,1651
664,1661
698,1630
687,1651
698,1661
732,1630
721,1651
732,1661
766,1630
755,1651
766,1661
800,1630
789,1651
800,1661
834,1630
823,1651
834,1661
868,1630
857,1651
868,1661
902,1630
891,1651
902,1661
936,1630
925,1651
936,1661
970,1630
959,1651
970,1661
1004,1630
993,1651
1004,1661
1038,1630
1027,1651
1038,1661
1072,1630
1061,1651
1072,1661
1106,1630
1095,1651
1106,1661
1140,1630
1129,1651
1140,1661
1174,1630
1163,1651
1174,1661
1208,1630
1197,1651
1208,1661
1242,1630
1231,1651
1242,1661
1276,1630
1265,1651
1276,1661
1310,1630
1299,1651
1310,1661
1344,1630
1333,1651
1344,1661
1378,1630
1367,1651
1378,1661
1412,1630
1401,1651
1412,1661
1446,1630
1435,1651
1446,1661
1480,1630
1469,1651
1480,1661
1514,1630
1503,1651
1514,1661
1548,1630
1537,1651
1548,1661
1582,1630
1571,1651
1582,1661
1616,1630
1605,1651
1616,1661
1650,1630
1639,1651
1650,1661
1684,1630
1673,1651
1684,1661
1718,1630
1707,1651
1718,1661
1752,1630
1741,1651
1752,1661
1786,1630
1775,1651
1786,1661
1820,1630
1809,1651
1820,1661
1854,1630
1843,1651
1854,1661
1888,1630
1877,1651
1888,1661
18,1692
7,1713
18,1723
52,1692
41,1713
52,1723
86,1692
75,1713
86,1723
120,1692
109,1713
120,1723
154,1692
143,1713
154,1723
188,1692
177,1713
188,1723
222,1692
211,1713
222,1723
256,1692
245,1713
256,1723
290,1692
279,1713
290,1723
324,1692
313,1713
324,1723
358,1692
347,1713
358,1723
392,1692
381,1713
392,1723
426,1692
415,1713
426,1723
460,1692
449,1713
460,1723
494,1692
483,1713
494,1723
528,1692
517,1713
528,1723
562,1692
551,1713
562,1723
596,1692
585,1713
596,1723
630,1692
619,1713
630,1723
664,1692
653,1713
664,1723
698,1692
687,1713
698,1723
732,1692
721,1713
732,1723
766,1692
755,1713
766,1723
800,1692
789,1713
800,1723
834,1692
823,1713
834,1723
868,1692
857,1713
868,1723
902,1692
891,1713
902,1723
936,1692
925,1713
936,1723
970,1692
959,1713
970,1723
1004,1692
993,1713
1004,1723
1038,1692
1027,1713
1038,1723
1072,1692
1061,1713
1072,1723
1106,1692
1095,1713
1106,1723
1140,1692
1129,1713
1140,1723
1174,1692
1163,1713
1174,1723
1208,1692
1197,1713
1208,1723
1242,1692
1231,1713
1242,1723
1276,1692
1265,1713
1276,1723
1310,1692
1299,1713
1310,1723
1344,1692
1333,1713
1344,1723
1378,1692
1367,1713
1378,1723
1412,1692
1401,1713
1412,1723
1446,1692
1435,1713
1446,1723
1480,1692
1469,1713
1480,1723
1514,1692
1503,1713
1514,1723
1548,1692
1537,1713
1548,1723
1582,1692
1571,1713
1582,1723
1616,1692
1605,1713
1616,1723
1650,1692
1639,1713
1650,1723
1684,1692
1673,1713
1684,1723
1718,1692
1707,1713
1718,1723
1752,1692
1741,1713
1752,1723
1786,1692
1775,1713
1786,1723
1820,1692
1809,1713
1820,1723
1854,1692
1843,1713
1854,1723
1888,1692
1877,1713
1888,1723
18,1754
7,1775
18,1785
52,1754
41,1775
52,1785
86,1754
75,1775
86,1785
120,1754
109,1775
120,1785
154,1754
143,1775
154,1785
188,1754
177,1775
188,1785
222,1754
211,1775
222,1785
256,1754
245,1775
256,1785
290,1754
279,1775
290,1785
324,1754
313,1775
324,1785
358,1754
347,1775
358,1785
392,1754
381,1775
392,1785
426,1754
415,1775
426,1785
460,1754
449,1775
460,1785
494,1754
483,1775
494,1785
528,1754
517,1775
528,1785
562,1754
551,1775
562,1785
596,1754
585,1775
596,1785
630,1754
619,1775
630,1785
664,1754
653,1775
664,1785
698,1754
687,1775
698,1785
732,1754
721,1775
732,1785
766,1754
755,1775
766,1785
800,1754
789,1775
800,1785
834,1754
823,1775
834,1785
868,1754
857,1775
868,1785
902,1754
891,1775
902,1785
936,1754
925,1775
936,1785
970,1754
959,1775
970,1785
1004,1754
993,1775
1004,1785
1038,1754
1027,1775
1038,1785
1072,1754
1061,1775
1072,1785
1106,1754
1095,1775
1106,1785
1140,1754
1129,1775
1140,1785
1174,1754
1163,1775
1174,1785
1208,1754
1197,1775
1208,1785
1242,1754
1231,1775
1242,1785
1276,1754
1265,1775
1276,1785
1310,1754
1299,1775
1310,1785
1344,1754
1333,1775
1344,1785
1378,1754
1367,1775
1378,1785
1412,1754
1401,1775
1412,1785
1446,1754
1435,1775
1446,1785
1480,1754
1469,1775
1480,1785
1514,1754
1503,1775
1514,1785
1548,1754
1537,1775
1548,1785
1582,1754
1571,1775
1582,1785
1616,1754
1605,1775
1616,1785
1650,1754
1639,1775
1650,1785
1684,1754
1673,1775
1684,1785
1718,1754
1707,1775
1718,1785
1752,1754
1741,1775
1752,1785
1786,1754
1775,1775
1786,1785
1820,1754
1809,1775
1820,1785
1854,1754
1843,1775
1854,1785
1888,1754
1877,1775
1888,1785
18,1816
7,1837
18,1847
52,1816
41,1837
52,1847
86,1816
75,1837
86,1847
120,1816
109,1837
120,1847
154,1816
143,1837
154,1847
188,1816
177,1837
188,1847
222,1816
211,1837
222,1847
256,1816
245,1837
256,1847
290,1816
279,1837
290,1847
324,1816
313,1837
324,1847
358,1816
347,1837
358,1847
392,1816
381,1837
392,1847
426,1816
415,1837
426,1847
460,1816
449,1837
460,1847
494,1816
483,1837
494,1847
528,1816
517,1837
528,1847
562,1816
551,1837
562,1847
596,1816
585,1837
596,1847
630,1816
619,1837
630,1847
664,1816
653,1837
664,1847
698,1816
687,1837
698,1847
732,1816
721,1837
732,1847
766,1816
755,1837
766,1847
800,1816
789,1837
800,1847
834,1816
823,1837
834,1847
868,1816
857,1837
868,1847
902,1816
891,1837
902,1847
936,1816
925,1837
936,1847
970,1816
959,1837
970,1847
1004,1816
993,1837
1004,1847
1038,1816
1027,1837
1038,1847
1072,1816
1061,1837
1072,1847
1106,1816
1095,1837
1106,1847
1140,1816
1129,1837
1140,1847
1174,1816
1163,1837
1174,1847
1208,1816
1197,1837
1208,1847
1242,1816
1231,1837
1242,1847
1276,1816
1265,1837
1276,1847
1310,1816
1299,1837
1310,1847
1344,1816
1333,1837
1344,1847
1378,1816
1367,1837
1378,1847
1412,1816
1401,1837
1412,1847
1446,1816
1435,1837
1446,1847
1480,1816
1469,1837
1480,1847
1514,1816
1503,1837
1514,1847
1548,1816
1537,1837
1548,1847
1582,1816
1571,1837
1582,1847
1616,1816
1605,1837
1616,1847
1650,1816
1639,1837
1650,1847
1684,1816
1673,1837
1684,1847
1718,1816
1707,1837
1718,1847
1752,1816
1741,1837
1752,1847
1786,1816
1775,1837
1786,1847
1820,1816
1809,1837
1820,1847
1854,1816
1843,1837
1854,1847
1888,1816
1877,1837
1888,1847
18,1878
7,1899
18,1909
52,1878
41,1899
52,1909
86,1878
75,1899
86,1909
120,1878
109,1899
120,1909
154,1878
143,1899
154,1909
188,1878
177,1899
188,1909
222,1878
211,1899
222,1909
256,1878
245,1899
256,1909
290,1878
279,1899
290,1909
324,1878
313,1899
324,1909
358,1878
347,1899
358,1909
392,1878
381,1899
392,1909
426,1878
415,1899
426,1909
460,1878
449,1899
460,1909
494,1878
483,1899
494,1909
528,1878
517,1899
528,1909
562,1878
551,1899
562,1909
596,1878
585,1899
596,1909
630,1878
619,1899
630,1909
664,1878
653,1899
664,1909
698,1878
687,1899
698,1909
732,1878
721,1899
732,1909
766,1878
755,1899
766,1909
800,1878
789,1899
800,1909
834,1878
823,1899
834,1909
868,1878
857,1899
868,1909
902,1878
891,1899
902,1909
936,1878
925,1899
936,1909
970,1878
959,1899
970,1909
1004,1878
993,1899
1004,1909
1038,1878
1027,1899
1038,1909
1072,1878
1061,1899
1072,1909
1106,1878
1095,1899
1106,1909
1140,1878
1129,1899
1140,1909
1174,1878
1163,1899
1174,1909
1208,1878
1197,1899
1208,1909
1242,1878
1231,1899
1242,1909
1276,1878
1265,1899
1276,1909
1310,1878
1299,1899
1310,1909
1344,1878
1333,1899
1344,1909
1378,1878
1367,1899
1378,1909
1412,1878
1401,1899
1412,1909
1446,1878
1435,1899
1446,1909
1480,1878
1469,1899
1480,1909
1514,1878
1503,1899
1514,1909
1548,1878
1537,1899
1548,1909
1582,1878
1571,1899
1582,1909
1616,1878
1605,1899
1616,1909
1650,1878
1639,1899
1650,1909
1684,1878
1673,1899
1684,1909
1718,1878
1707,1899
1718,1909
1752,1878
1741,1899
1752,1909
1786,1878
1775,1899
1786,1909
1820,1878
1809,1899
1820,1909
1854,1878
1843,1899
1854,1909
1888,1878
1877,1899
1888,1909
18,1940
7,1961
18,1971
52,1940
41,1961
52,1971
86,1940
75,1961
86,1971
120,1940
109,1961
120,1971
154,1940
143,1961
154,1971
188,1940
177,1961
188,1971
222,1940
211,1961
222,1971
256,1940
245,1961
256,1971
290,1940
279,1961
290,1971
324,1940
313,1961
324,1971
358,1940
347,1961
358,1971
392,1940
381,1961
392,1971
426,1940
415,1961
426,1971
460,1940
449,1961
460,1971
494,1940
483,1961
494,1971
528,1940
517,1961
528,1971
562,1940
551,1961
562,1971
596,1940
585,1961
596,1971
630,1940
619,1961
630,1971
664,1940
653,1961
664,1971
698,1940
687,1961
698,1971
732,1940
721,1961
732,1971
766,1940
755,1961
766,1971
800,1940
789,1961
800,1971
834,1940
823,1961
834,1971
868,1940
857,1961
868,1971
902,1940
891,1961
902,1971
936,1940
925,1961
936,1971
970,1940
959,1961
970,1971
1004,1940
993,1961
1004,1971
1038,1940
1027,1961
1038,1971
1072,1940
1061,1961
1072,1971
1106,1940
1095,1961
1106,1971
1140,1940
1129,1961
1140,1971
1174,1940
1163,1961
1174,1971
1208,1940
1197,1961
1208,1971
1242,1940
1231,1961
1242,1971
1276,1940
1265,1961
1276,1971
1310,1940
1299,1961
1310,1971
1344,1940
1333,1961
1344,1971
1378,1940
1367,1961
1378,1971
1412,1940
1401,1961
1412,1971
1446,1940
1435,1961
1446,1971
1480,1940
1469,1961
1480,1971
1514,1940
1503,1961
1514,1971
1548,1940
1537,1961
1548,1971
1582,1940
1571,1961
1582,1971
1616,1940
1605,1961
1616,1971
1650,1940
1639,1961
1650,1971
1684,1940
1673,1961
1684,1971
1718,1940
1707,1961
1718,1971
1752,1940
1741,1961
1752,1971
1786,1940
1775,1961
1786,1971
1820,1940
1809,1961
1820,1971
1854,1940
1843,1961
1854,1971
1888,1940
1877,1961
1888,1971
18,2002
7,2023
18,2033
52,2002
41,2023
52,2033
86,2002
75,2023
86,2033
120,2002
109,2023
120,2033
154,2002
143,2023
154,2033
188,2002
177,2023
188,2033
222,2002
211,2023
222,2033
256,2002
245,2023
256,2033
290,2002
279,2023
290,2033
324,2002
313,2023
324,2033
358,2002
347,2023
358,2033
392,2002
381,2023
392,2033
426,2002
415,2023
426,2033
460,2002
449,2023
460,2033
494,2002
483,2023
494,2033
528,2002
517,2023
528,2033
562,2002
551,2023
562,2033
596,2002
585,2023
596,2033
630,2002
619,2023
630,2033
664,2002
653,2023
664,2033
698,2002
687,2023
698,2033
732,2002
721,2023
732,2033
766,2002
755,2023
766,2033
800,2002
789,2023
800,2033
834,2002
823,2023
834,2033
868,2002
857,2023
868,2033
902,2002
891,2023
902,2033
936,2002
925,2023
936,2033
970,2002
959,2023
970,2033
1004,2002
993,2023
1004,2033
1038,2002
1027,2023
1038,2033
1072,2002
1061,2023
1072,2033
1106,2002
1095,2023
1106,2033
1140,2002
1129,2023
1140,2033
1174,2002
1163,2023
1174,2033
1208,2002
1197,2023
1208,2033
1242,2002
1231,2023
1242,2033
1276,2002
1265,2023
1276,2033
1310,2002
1299,2023
1310,2033
1344,2002
1333,2023
1344,2033
1378,2002
1367,2023
1378,2033
1412,2002
1401,2023
1412,2033
1446,2002
1435,2023
1446,2033
1480,2002
1469,2023
1480,2033
1514,2002
1503,2023
1514,2033
1548,2002
1537,2023
1548,2033
1582,2002
1571,2023
1582,2033
1616,2002
1605,2023
1616,2033
1650,2002
1639,2023
1650,2033
1684,2002
1673,2023
1684,2033
1718,2002
1707,2023
1718,2033
1752,2002
1741,2023
1752,2033
1786,2002
1775,2023
1786,2033
1820,2002
1809,2023
1820,2033
1854,2002
1843,2023
1854,2033
1888,2002
1877,2023
1888,2033
18,2064
7,2085
18,2095
52,2064
41,2085
52,2095
86,2064
75,2085
86,2095
120,2064
109,2085
120,2095
154,2064
143,2085
154,2095
188,2064
177,2085
188,2095
222,2064
211,2085
222,2095
256,2064
245,2085
256,2095
290,2064
279,2085
290,2095
324,2064
313,2085
324,2095
358,2064
347,2085
358,2095
392,2064
381,2085
392,2095
426,2064
415,2085
426,2095
460,2064
449,2085
460,2095
494,2064
483,2085
494,2095
528,2064
517,2085
528,2095
562,2064
551,2085
562,2095
596,2064
585,2085
596,2095
630,2064
619,2085
630,2095
664,2064
653,2085
664,2095
698,2064
687,2085
698,2095
732,2064
721,2085
732,2095
766,2064
755,2085
766,2095
800,2064
789,2085
800,2095
834,2064
823,2085
834,2095
868,2064
857,2085
868,2095
902,2064
891,2085
902,2095
936,2064
925,2085
936,2095
970,2064
959,2085
970,2095
1004,2064
993,2085
1004,2095
1038,2064
1027,2085
1038,2095
1072,2064
1061,2085
1072,2095
1106,2064
1095,2085
1106,2095
1140,2064
1129,2085
1140,2095
1174,2064
1163,2085
1174,2095
1208,2064
1197,2085
1208,2095
1242,2064
1231,2085
1242,2095
1276,2064
1265,2085
1276,2095
1310,2064
1299,2085
1310,2095
1344,2064
1333,2085
1344,2095
1378,2064
1367,2085
1378,2095
1412,2064
1401,2085
1412,2095
1446,2064
1435,2085
1446,2095
1480,2064
1469,2085
1480,2095
1514,2064
1503,2085
1514,2095
1548,2064
1537,2085
1548,2095
1582,2064
1571,2085
1582,2095
1616,2064
1605,2085
1616,2095
1650,2064
1639,2085
1650,2095
1684,2064
1673,2085
1684,2095
1718,2064
1707,2085
1718,2095
1752,2064
1741,2085
1752,2095
1786,2064
1775,2085
1786,2095
1820,2064
1809,2085
1820,2095
1854,2064
1843,2085
1854,2095
1888,2064
1877,2085
1888,2095
18,2126
7,2147
18,2157
52,2126
41,2147
52,2157
86,2126
75,2147
86,2157
120,2126
109,2147
120,2157
154,2126
143,2147
154,2157
188,2126
177,2147
188,2157
222,2126
211,2147
222,2157
256,2126
245,2147
256,2157
290,2126
279,2147
290,2157
324,2126
313,2147
324,2157
358,2126
347,2147
358,2157
392,2126
381,2147
392,2157
426,2126
415,2147
426,2157
460,2126
449,2147
460,2157
494,2126
483,2147
494,2157
528,2126
517,2147
528,2157
562,2126
551,2147
562,2157
596,2126
585,2147
596,2157
630,2126
619,2147
630,2157
664,2126
653,2147
664,2157
698,2126
687,2147
698,2157
732,2126
721,2147
732,2157
766,2126
755,2147
766,2157
800,2126
789,2147
800,2157
834,2126
823,2147
834,2157
868,2126
857,2147
868,2157
902,2126
891,2147
902,2157
936,2126
925,2147
936,2157
970,2126
959,2147
970,2157
1004,2126
993,2147
1004,2157
1038,2126
1027,2147
1038,2157
1072,2126
1061,2147
1072,2157
1106,2126
1095,2147
1106,2157
1140,2126
1129,2147
1140,2157
1174,2126
1163,2147
1174,2157
1208,2126
1197,2147
1208,2157
1242,2126
1231,2147
1242,2157
1276,2126
1265,2147
1276,2157
1310,2126
1299,2147
1310,2157
1344,2126
1333,2147
1344,2157
1378,2126
1367,2147
1378,2157
1412,2126
1401,2147
1412,2157
1446,2126
1435,2147
1446,2157
1480,2126
1469,2147
1480,2157
1514,2126
1503,2147
1514,2157
1548,2126
1537,2147
1548,2157
1582,2126
1571,2147
1582,2157
1616,2126
1605,2147
1616,2157
1650,2126
1639,2147
1650,2157
1684,2126
1673,2147
1684,2157
1718,2126
1707,2147
1718,2157
1752,2126
1741,2147
1752,2157
1786,2126
1775,2147
1786,2157
1820,2126
1809,2147
1820,2157
1854,2126
1843,2147
1854,2157
1888,2126
1877,2147
1888,2157
18,2188
7,2209
18,2219
52,2188
41,2209
52,2219
86,2188
75,2209
86,2219
120,2188
109,2209
120,2219
154,2188
143,2209
154,2219
188,2188
177,2209
188,2219
222,2188
211,2209
222,2219
256,2188
245,2209
256,2219
290,2188
279,2209
290,2219
324,2188
313,2209
324,2219
358,2188
347,2209
358,2219
392,2188
381,2209
392,2219
426,2188
415,2209
426,2219
460,2188
449,2209
460,2219
494,2188
483,2209
494,2219
528,2188
517,2209
528,2219
562,2188
551,2209
562,2219
596,2188
585,2209
596,2219
630,2188
619,2209
630,2219
664,2188
653,2209
664,2219
698,2188
687,2209
698,2219
732,2188
721,2209
732,2219
766,2188
755,2209
766,2219
800,2188
789,2209
800,2219
834,2188
823,2209
834,2219
868,2188
857,2209
868,2219
902,2188
891,2209
902,2219
936,2188
925,2209
936,2219
970,2188
959,2209
970,2219
1004,2188
993,2209
1004,2219
1038,2188
1027,2209
1038,2219
1072,2188
1061,2209
1072,2219
1106,2188
1095,2209
1106,2219
1140,2188
1129,2209
1140,2219
1174,2188
1163,2209
1174,2219
1208,2188
1197,2209
1208,2219
1242,2188
1231,2209
1242,2219
1276,2188
1265,2209
1276,2219
1310,2188
1299,2209
1310,2219
1344,2188
1333,2209
1344,2219
1378,2188
1367,2209
1378,2219
1412,2188
1401,2209
1412,2219
1446,2188
1435,2209
1446,2219
1480,2188
1469,2209
1480,2219
1514,2188
1503,2209
1514,2219
1548,2188
1537,2209
1548,2219
1582,2188
1571,2209
1582,2219
1616,2188
1605,2209
1616,2219
1650,2188
1639,2209
1650,2219
1684,2188
1673,2209
1684,2219
1718,2188
1707,2209
1718,2219
1752,2188
1741,2209
1752,2219
1786,2188
1775,2209
1786,2219
1820,2188
1809,2209
1820,2219
1854,2188
1843,2209
1854,2219
1888,2188
1877,2209
1888,2219
18,2250
7,2271
18,2281
52,2250
41,2271
52,2281
86,2250
75,2271
86,2281
120,2250
109,2271
120,2281
154,2250
143,2271
154,2281
188,2250
177,2271
188,2281
222,2250
211,2271
222,2281
256,2250
245,2271
256,2281
290,2250
279,2271
290,2281
324,2250
313,2271
324,2281
358,2250
347,2271
358,2281
392,2250
381,2271
392,2281
426,2250
415,2271
426,2281
460,2250
449,2271
460,2281
494,2250
483,2271
494,2281
528,2250
517,2271
528,2281
562,2250
551,2271
562,2281
596,2250
585,2271
596,2281
630,2250
619,2271
630,2281
664,2250
653,2271
664,2281
698,2250
687,2271
698,2281
732,2250
721,2271
732,2281
766,2250
755,2271
766,2281
800,2250
789,2271
800,2281
834,2250
823,2271
834,2281
868,2250
857,2271
868,2281
902,2250
891,2271
902,2281
936,2250
925,2271
936,2281
970,2250
959,2271
970,2281
1004,2250
993,2271
1004,2281
1038,2250
1027,2271
1038,2281
1072,2250
1061,2271
1072,2281
1106,2250
1095,2271
1106,2281
1140,2250
1129,2271
1140,2281
1174,2250
1163,2271
1174,2281
1208,2250
1197,2271
1208,2281
1242,2250
1231,2271
1242,2281
1276,2250
1265,2271
1276,2281
1310,2250
1299,2271
1310,2281
1344,2250
1333,2271
1344,2281
1378,2250
1367,2271
1378,2281
1412,2250
1401,2271
1412,2281
1446,2250
1435,2271
1446,2281
1480,2250
1469,2271
1480,2281
1514,2250
1503,2271
1514,2281
1548,2250
1537,2271
1548,2281
1582,2250
1571,2271
1582,2281
1616,2250
1605,2271
1616,2281
1650,2250
1639,2271
1650,2281
1684,2250
1673,2271
1684,2281
1718,2250
1707,2271
1718,2281
1752,2250
1741,2271
1752,2281
1786,2250
1775,2271
1786,2281
1820,2250
1809,2271
1820,2281
1854,2250
1843,2271
1854,2281
1888,2250
1877,2271
1888,2281
18,2312
7,2333
18,2343
52,2312
41,2333
52,2343
86,2312
75,2333
86,2343
120,2312
109,2333
120,2343
154,2312
143,2333
154,2343
188,2312
177,2333
188,2343
222,2312
211,2333
222,2343
256,2312
245,2333
256,2343
290,2312
279,2333
290,2343
324,2312
313,2333
324,2343
358,2312
347,2333
358,2343
392,2312
381,2333
392,2343
426,2312
415,2333
426,2343
460,2312
449,2333
460,2343
494,2312
483,2333
494,2343
528,2312
517,2333
528,2343
562,2312
551,2333
562,2343
596,2312
585,2333
596,2343
630,2312
619,2333
630,2343
664,2312
653,2333
664,2343
698,2312
687,2333
698,2343
732,2312
721,2333
732,2343
766,2312
755,2333
766,2343
800,2312
789,2333
800,2343
834,2312
823,2333
834,2343
868,2312
857,2333
868,2343
902,2312
891,2333
902,2343
936,2312
925,2333
936,2343
970,2312
959,2333
970,2343
1004,2312
993,2333
1004,2343
1038,2312
1027,2333
1038,2343
1072,2312
1061,2333
1072,2343
1106,2312
1095,2333
1106,2343
1140,2312
1129,2333
1140,2343
1174,2312
1163,2333
1174,2343
1208,2312
1197,2333
1208,2343
1242,2312
1231,2333
1242,2343
1276,2312
1265,2333
1276,2343
1310,2312
1299,2333
1310,2343
1344,2312
1333,2333
1344,2343
1378,2312
1367,2333
1378,2343
1412,2312
1401,2333
1412,2343
1446,2312
1435,2333
1446,2343
1480,2312
1469,2333
1480,2343
1514,2312
1503,2333
1514,2343
1548,2312
1537,2333
1548,2343
1582,2312
1571,2333
1582,2343
1616,2312
1605,2333
1616,2343
1650,2312
1639,2333
1650,2343
1684,2312
1673,2333
1684,2343
1718,2312
1707,2333
1718,2343
1752,2312
1741,2333
1752,2343
1786,2312
1775,2333
1786,2343
1820,2312
1809,2333
1820,2343
1854,2312
1843,2333
1854,2343
1888,2312
1877,2333
1888,2343
18,2374
7,2395
18,2405
52,2374
41,2395
52,2405
86,2374
75,2395
86,2405
120,2374
109,2395
120,2405
154,2374
143,2395
154,2405
188,2374
177,2395
188,2405
222,2374
211,2395
222,2405
256,2374
245,2395
256,2405
290,2374
279,2395
290,2405
324,2374
313,2395
324,2405
358,2374
347,2395
358,2405
392,2374
381,2395
392,2405
426,2374
415,2395
426,2405
460,2374
449,2395
460,2405
494,2374
483,2395
494,2405
528,2374
517,2395
528,2405
562,2374
551,2395
562,2405
596,2374
585,2395
596,2405
630,2374
619,2395
630,2405
664,2374
653,2395
664,2405
698,2374
687,2395
698,2405
732,2374
721,2395
732,2405
766,2374
755,2395
766,2405
800,2374
789,2395
800,2405
834,2374
823,2395
834,2405
868,2374
857,2395
868,2405
902,2374
891,2395
902,2405
936,2374
925,2395
936,2405
970,2374
959,2395
970,2405
1004,2374
993,2395
1004,2405
1038,2374
1027,2395
1038,2405
1072,2374
1061,2395
1072,2405
1106,2374
1095,2395
1106,2405
1140,2374
1129,2395
1140,2405
1174,2374
1163,2395
1174,2405
1208,2374
1197,2395
1208,2405
1242,2374
1231,2395
1242,2405
1276,2374
1265,2395
1276,2405
1310,2374
1299,2395
1310,2405
1344,2374
1333,2395
1344,2405
1378,2374
1367,2395
1378,2405
1412,2374
1401,2395
1412,2405
1446,2374
1435,2395
1446,2405
1480,2374
1469,2395
1480,2405
1514,2374
1503,2395
1514,2405
1548,2374
1537,2395
1548,2405
1582,2374
1571,2395
1582,2405
1616,2374
1605,2395
1616,2405
1650,2374
1639,2395
1650,2405
1684,2374
1673,2395
1684,2405
1718,2374
1707,2395
1718,2405
1752,2374
1741,2395
1752,2405
1786,2374
1775,2395
1786,2405
1820,2374
1809,2395
1820,2405
1854,2374
1843,2395
1854,2405
1888,2374
1877,2395
1888,2405
18,2436
7,2457
18,2467
52,2436
41,2457
52,2467
86,2436
75,2457
86,2467
120,2436
109,2457
120,2467
154,2436
143,2457
154,2467
188,2436
177,2457
188,2467
222,2436
211,2457
222,2467
256,2436
245,2457
256,2467
290,2436
279,2457
290,2467
324,2436
313,2457
324,2467
358,2436
347,2457
358,2467
392,2436
381,2457
392,2467
426,2436
415,2457
426,2467
460,2436
449,2457
460,2467
494,2436
483,2457
494,2467
528,2436
517,2457
528,2467
562,2436
551,2457
562,2467
596,2436
585,2457
596,2467
630,2436
619,2457
630,2467
664,2436
653,2457
664,2467
698,2436
687,2457
698,2467
732,2436
721,2457
732,2467
766,2436
755,2457
766,2467
800,2436
789,2457
800,2467
834,2436
823,2457
834,2467
868,2436
857,2457
868,2467
902,2436
891,2457
902,2467
936,2436
925,2457
936,2467
970,2436
959,2457
970,2467
1004,2436
993,2457
1004,2467
1038,2436
1027,2457
1038,2467
1072,2436
1061,2457
1072,2467
1106,2436
1095,2457
1106,2467
1140,2436
1129,2457
1140,2467
1174,2436
1163,2457
1174,2467
1208,2436
1197,2457
1208,2467
1242,2436
1231,2457
1242,2467
1276,2436
1265,2457
1276,2467
1310,2436
1299,2457
1310,2467
1344,2436
1333,2457
1344,2467
1378,2436
1367,2457
1378,2467
1412,2436
1401,2457
1412,2467
1446,2436
1435,2457
1446,2467
1480,2436
1469,2457
1480,2467
1514,2436
1503,2457
1514,2467
1548,2436
1537,2457
1548,2467
1582,2436
1571,2457
1582,2467
1616,2436
1605,2457
1616,2467
1650,2436
1639,2457
1650,2467
1684,2436
1673,2457
1684,2467
1718,2436
1707,2457
1718,2467
1752,2436
1741,2457
1752,2467
1786,2436
1775,2457
1786,2467
1820,2436
1809,2457
1820,2467
1854,2436
1843,2457
1854,2467
1888,2436
1877,2457
1888,2467
18,2498
7,2519
18,2529
52,2498
41,2519
52,2529
86,2498
75,2519
86,2529
120,2498
109,2519
120,2529
154,2498
143,2519
154,2529
188,2498
177,2519
188,2529
222,2498
211,2519
222,2529
256,2498
245,2519
256,2529
290,2498
279,2519
290,2529
324,2498
313,2519
324,2529
358,2498
347,2519
358,2529
392,2498
381,2519
392,2529
426,2498
415,2519
426,2529
460,2498
449,2519
460,2529
494,2498
483,2519
494,2529
528,2498
517,2519
528,2529
562,2498
551,2519
562,2529
596,2498
585,2519
596,2529
630,2498
619,2519
630,2529
664,2498
653,2519
664,2529
698,2498
687,2519
698,2529
732,2498
721,2519
732,2529
766,2498
755,2519
766,2529
800,2498
789,2519
800,2529
834,2498
823,2519
834,2529
868,2498
857,2519
868,2529
902,2498
891,2519
902,2529
936,2498
925,2519
936,2529
970,2498
959,2519
970,2529
1004,2498
993,2519
1004,2529
1038,2498
1027,2519
1038,2529
1072,2498
1061,2519
1072,2529
1106,2498
1095,2519
1106,2529
1140,2498
1129,2519
1140,2529
1174,2498
1163,2519
1174,2529
1208,2498
1197,2519
1208,2529
1242,2498
1231,2519
1242,2529
1276,2498
1265,2519
1276,2529
1310,2498
1299,2519
1310,2529
1344,2498
1333,2519
1344,2529
1378,2498
1367,2519
1378,2529
1412,2498
1401,2519
1412,2529
1446,2498
1435,2519
1446,2529
1480,2498
1469,2519
1480,2529
1514,2498
1503,2519
1514,2529
1548,2498
1537,2519
1548,2529
1582,2498
1571,2519
1582,2529
1616,2498
1605,2519
1616,2529
1650,2498
1639,2519
1650,2529
1684,2498
1673,2519
1684,2529
1718,2498
1707,2519
1718,2529
1752,2498
1741,2519
1752,2529
1786,2498
1775,2519
1786,2529
1820,2498
1809,2519
1820,2529
1854,2498
1843,2519
1854,2529
1888,2498
1877,2519
1888,2529
18,2560
7,2581
18,2591
52,2560
41,2581
52,2591
86,2560
75,2581
86,2591
120,2560
109,2581
120,2591
154,2560
143,2581
154,2591
188,2560
177,2581
188,2591
222,2560
211,2581
222,2591
256,2560
245,2581
256,2591
290,2560
279,2581
290,2591
324,2560
313,2581
324,2591
358,2560
347,2581
358,2591
392,2560
381,2581
392,2591
426,2560
415,2581
426,2591
460,2560
449,2581
460,2591
494,2560
483,2581
494,2591
528,2560
517,2581
528,2591
562,2560
551,2581
562,2591
596,2560
585,2581
596,2591
630,2560
619,2581
630,2591
664,2560
653,2581
664,2591
698,2560
687,2581
698,2591
732,2560
721,2581
732,2591
766,2560
755,2581
766,2591
800,2560
789,2581
800,2591
834,2560
823,2581
834,2591
868,2560
857,2581
868,2591
902,2560
891,2581
902,2591
936,2560
925,2581
936,2591
970,2560
959,2581
970,2591
1004,2560
993,2581
1004,2591
1038,2560
1027,2581
1038,2591
1072,2560
1061,2581
1072,2591
1106,2560
1095,2581
1106,2591
1140,2560
1129,2581
1140,2591
1174,2560
1163,2581
1174,2591
1208,2560
1197,2581
1208,2591
1242,2560
1231,2581
1242,2591
1276,2560
1265,2581
1276,2591
1310,2560
1299,2581
1310,2591
1344,2560
1333,2581
1344,2591
1378,2560
1367,2581
1378,2591
1412,2560
1401,2581
1412,2591
1446,2560
1435,2581
1446,2591
1480,2560
1469,2581
1480,2591
1514,2560
1503,2581
1514,2591
1548,2560
1537,2581
1548,2591
1582,2560
1571,2581
1582,2591
1616,2560
1605,2581
1616,2591
1650,2560
1639,2581
1650,2591
1684,2560
1673,2581
1684,2591
1718,2560
1707,2581
1718,2591
1752,2560
1741,2581
1752,2591
1786,2560
1775,2581
1786,2591
1820,2560
1809,2581
1820,2591
1854,2560
1843,2581
1854,2591
1888,2560
1877,2581
1888,2591
18,2622
7,2643
18,2653
52,2622
41,2643
52,2653
86,2622
75,2643
86,2653
120,2622
109,2643
120,2653
154,2622
143,2643
154,2653
188,2622
177,2643
188,2653
222,2622
211,2643
222,2653
256,2622
245,2643
256,2653
290,2622
279,2643
290,2653
324,2622
313,2643
324,2653
358,2622
347,2643
358,2653
392,2622
381,2643
392,2653
426,2622
415,2643
426,2653
460,2622
449,2643
460,2653
494,2622
483,2643
494,2653
528,2622
517,2643
528,2653
562,2622
551,2643
562,2653
596,2622
585,2643
596,2653
630,2622
619,2643
630,2653
664,2622
653,2643
664,2653
698,2622
687,2643
698,2653
732,2622
721,2643
732,2653
766,2622
755,2643
766,2653
800,2622
789,2643
800,2653
834,2622
823,2643
834,2653
868,2622
857,2643
868,2653
902,2622
891,2643
902,2653
936,2622
925,2643
936,2653
970,2622
959,2643
970,2653
1004,2622
993,2643
1004,2653
1038,2622
1027,2643
1038,2653
1072,2622
1061,2643
1072,2653
1106,2622
1095,2643
1106,2653
1140,2622
1129,2643
1140,2653
1174,2622
1163,2643
1174,2653
1208,2622
1197,2643
1208,2653
1242,2622
1231,2643
1242,2653
1276,2622
1265,2643
1276,2653
1310,2622
1299,2643
1310,2653
1344,2622
1333,2643
1344,2653
1378,2622
1367,2643
1378,2653
1412,2622
1401,2643
1412,2653
1446,2622
1435,2643
1446,2653
1480,2622
1469,2643
1480,2653
1514,2622
1503,2643
1514,2653
1548,2622
1537,2643
1548,2653
1582,2622
1571,2643
1582,2653
1616,2622
1605,2643
1616,2653
1650,2622
1639,2643
1650,2653
1684,2622
1673,2643
1684,2653
1718,2622
1707,2643
1718,2653
1752,2622
1741,2643
1752,2653
1786,2622
1775,2643
1786,2653
1820,2622
1809,2643
1820,2653
1854,2622
1843,2643
1854,2653
1888,2622
1877,2643
1888,2653
18,2684
7,2705
18,2715
52,2684
41,2705
52,2715
86,2684
75,2705
86,2715
120,2684
109,2705
120,2715
154,2684
143,2705
154,2715
188,2684
177,2705
188,2715
222,2684
211,2705
222,2715
256,2684
245,2705
256,2715
290,2684
279,2705
290,2715
324,2684
313,2705
324,2715
358,2684
347,2705
358,2715
392,2684
381,2705
392,2715
426,2684
415,2705
426,2715
460,2684
449,2705
460,2715
494,2684
483,2705
494,2715
528,2684
517,2705
528,2715
562,2684
551,2705
562,2715
596,2684
585,2705
596,2715
630,2684
619,2705
630,2715
664,2684
653,2705
664,2715
698,2684
687,2705
698,2715
732,2684
721,2705
732,2715
766,2684
755,2705
766,2715
800,2684
789,2705
800,2715
834,2684
823,2705
834,2715
868,2684
857,2705
868,2715
902,2684
891,2705
902,2715
936,2684
925,2705
936,2715
970,2684
959,2705
970,2715
1004,2684
993,2705
1004,2715
1038,2684
1027,2705
1038,2715
1072,2684
1061,2705
1072,2715
1106,2684
1095,2705
1106,2715
1140,2684
1129,2705
1140,2715
1174,2684
1163,2705
1174,2715
1208,2684
1197,2705
1208,2715
1242,2684
1231,2705
1242,2715
1276,2684
1265,2705
1276,2715
1310,2684
1299,2705
1310,2715
1344,2684
1333,2705
1344,2715
1378,2684
1367,2705
1378,2715
1412,2684
1401,2705
1412,2715
1446,2684
1435,2705
1446,2715
1480,2684
1469,2705
1480,2715
1514,2684
1503,2705
1514,2715
1548,2684
1537,2705
1548,2715
1582,2684
1571,2705
1582,2715
1616,2684
1605,2705
1616,2715
1650,2684
1639,2705
1650,2715
1684,2684
1673,2705
1684,2715
1718,2684
1707,2705
1718,2715
1752,2684
1741,2705
1752,2715
1786,2684
1775,2705
1786,2715
1820,2684
1809,2705
1820,2715
1854,2684
1843,2705
1854,2715
1888,2684
1877,2705
1888,2715
18,2746
7,2767
18,2777
52,2746
41,2767
52,2777
86,2746
75,2767
86,2777
120,2746
109,2767
120,2777
154,2746
143,2767
154,2777
188,2746
177,2767
188,2777
222,2746
211,2767
222,2777
256,2746
245,2767
256,2777
290,2746
279,2767
290,2777
324,2746
313,2767
324,2777
358,2746
347,2767
358,2777
392,2746
381,2767
392,2777
426,2746
415,2767
426,2777
460,2746
449,2767
460,2777
494,2746
483,2767
494,2777
528,2746
517,2767
528,2777
562,2746
551,2767
562,2777
596,2746
585,2767
596,2777
630,2746
619,2767
630,2777
664,2746
653,2767
664,2777
698,2746
687,2767
698,2777
732,2746
721,2767
732,2777
766,2746
755,2767
766,2777
800,2746
789,2767
800,2777
834,2746
823,2767
834,2777
868,2746
857,2767
868,2777
902,2746
891,2767
902,2777
936,2746
925,2767
936,2777
970,2746
959,2767
970,2777
1004,2746
993,2767
1004,2777
1038,2746
1027,2767
1038,2777
1072,2746
1061,2767
1072,2777
1106,2746
1095,2767
1106,2777
1140,2746
1129,2767
1140,2777
1174,2746
1163,2767
1174,2777
1208,2746
1197,2767
1208,2777
1242,2746
1231,2767
1242,2777
1276,2746
1265,2767
1276,2777
1310,2746
1299,2767
1310,2777
1344,2746
1333,2767
1344,2777
1378,2746
1367,2767
1378,2777
1412,2746
1401,2767
1412,2777
1446,2746
1435,2767
1446,2777
1480,2746
1469,2767
1480,2777
1514,2746
1503,2767
1514,2777
1548,2746
1537,2767
1548,2777
1582,2746
1571,2767
1582,2777
1616,2746
1605,2767
1616,2777
1650,2746
1639,2767
1650,2777
1684,2746
1673,2767
1684,2777
1718,2746
1707,2767
1718,2777
1752,2746
1741,2767
1752,2777
1786,2746
1775,2767
1786,2777
1820,2746
1809,2767
1820,2777
1854,2746
1843,2767
1854,2777
1888,2746
1877,2767
1888,2777
18,2808
7,2829
18,2839
52,2808
41,2829
52,2839
86,2808
75,2829
86,2839
120,2808
109,2829
120,2839
154,2808
143,2829
154,2839
188,2808
177,2829
188,2839
222,2808
211,2829
222,2839
256,2808
245,2829
256,2839
290,2808
279,2829
290,2839
324,2808
313,2829
324,2839
358,2808
347,2829
358,2839
392,2808
381,2829
392,2839
426,2808
415,2829
426,2839
460,2808
449,2829
460,2839
494,2808
483,2829
494,2839
528,2808
517,2829
528,2839
562,2808
551,2829
562,2839
596,2808
585,2829
596,2839
630,2808
619,2829
630,2839
664,2808
653,2829
664,2839
698,2808
687,2829
698,2839
732,2808
721,2829
732,2839
766,2808
755,2829
766,2839
800,2808
789,2829
800,2839
834,2808
823,2829
834,2839
868,2808
857,2829
868,2839
902,2808
891,2829
902,2839
936,2808
925,2829
936,2839
970,2808
959,2829
970,2839
1004,2808
993,2829
1004,2839
1038,2808
1027,2829
1038,2839
1072,2808
1061,2829
1072,2839
1106,2808
1095,2829
1106,2839
1140,2808
1129,2829
1140,2839
1174,2808
1163,2829
1174,2839
1208,2808
1197,2829
1208,2839
1242,2808
1231,2829
1242,2839
1276,2808
1265,2829
1276,2839
1310,2808
1299,2829
1310,2839
1344,2808
1333,2829
1344,2839
1378,2808
1367,2829
1378,2839
1412,2808
1401,2829
1412,2839
1446,2808
1435,2829
1446,2839
1480,2808
1469,2829
1480,2839
1514,2808
1503,2829
1514,2839
1548,2808
1537,2829
1548,2839
1582,2808
1571,2829
1582,2839
1616,2808
1605,2829
1616,2839
1650,2808
1639,2829
1650,2839
1684,2808
1673,2829
1684,2839
1718,2808
1707,2829
1718,2839
1752,2808
1741,2829
1752,2839
1786,2808
1775,2829
1786,2839
1820,2808
1809,2829
1820,2839
1854,2808
1843,2829
1854,2839
1888,2808
1877,2829
1888,2839
18,2870
7,2891
18,2901
52,2870
41,2891
52,2901
86,2870
75,2891
86,2901
120,2870
109,2891
120,2901
154,2870
143,2891
154,2901
188,2870
177,2891
188,2901
222,2870
211,2891
222,2901
256,2870
245,2891
256,2901
290,2870
279,2891
290,2901
324,2870
313,2891
324,2901
358,2870
347,2891
358,2901
392,2870
381,2891
392,2901
426,2870
415,2891
426,2901
460,2870
449,2891
460,2901
494,2870
483,2891
494,2901
528,2870
517,2891
528,2901
562,2870
551,2891
562,2901
596,2870
585,2891
596,2901
630,2870
619,2891
630,2901
664,2870
653,2891
664,2901
698,2870
687,2891
698,2901
732,2870
721,2891
732,2901
766,2870
755,2891
766,2901
800,2870
789,2891
800,2901
834,2870
823,2891
834,2901
868,2870
857,2891
868,2901
902,2870
891,2891
902,2901
936,2870
925,2891
936,2901
970,2870
959,2891
970,2901
1004,2870
993,2891
1004,2901
1038,2870
1027,2891
1038,2901
1072,2870
1061,2891
1072,2901
1106,2870
1095,2891
1106,2901
1140,2870
1129,2891
1140,2901
1174,2870
1163,2891
1174,2901
1208,2870
1197,2891
1208,2901
1242,2870
1231,2891
1242,2901
1276,2870
1265,2891
1276,2901
1310,2870
1299,2891
1310,2901
1344,2870
1333,2891
1344,2901
1378,2870
1367,2891
1378,2901
1412,2870
1401,2891
1412,2901
1446,2870
1435,2891
1446,2901
1480,2870
1469,2891
1480,2901
1514,2870
1503,2891
1514,2901
1548,2870
1537,2891
1548,2901
1582,2870
1571,2891
1582,2901
1616,2870
1605,2891
1616,2901
1650,2870
1639,2891
1650,2901
1684,2870
1673,2891
1684,2901
1718,2870
1707,2891
1718,2901
1752,2870
1741,2891
1752,2901
1786,2870
1775,2891
1786,2901
1820,2870
1809,2891
1820,2901
1854,2870
1843,2891
1854,2901
1888,2870
1877,2891
1888,2901
18,2932
7,2953
18,2963
52,2932
41,2953
52,2963
86,2932
75,2953
86,2963
120,2932
109,2953
120,2963
154,2932
143,2953
154,2963
188,2932
177,2953
188,2963
222,2932
211,2953
222,2963
256,2932
245,2953
256,2963
290,2932
279,2953
290,2963
324,2932
313,2953
324,2963
358,2932
347,2953
358,2963
392,2932
381,2953
392,2963
426,2932
415,2953
426,2963
460,2932
449,2953
460,2963
494,2932
483,2953
494,2963
528,2932
517,2953
528,2963
562,2932
551,2953
562,2963
596,2932
585,2953
596,2963
630,2932
619,2953
630,2963
664,2932
653,2953
664,2963
698,2932
687,2953
698,2963
732,2932
721,2953
732,2963
766,2932
755,2953
766,2963
800,2932
789,2953
800,2963
834,2932
823,2953
834,2963
868,2932
857,2953
868,2963
902,2932
891,2953
902,2963
936,2932
925,2953
936,2963
970,2932
959,2953
970,2963
1004,2932
993,2953
1004,2963
1038,2932
1027,2953
1038,2963
1072,2932
1061,2953
1072,2963
1106,2932
1095,2953
1106,2963
1140,2932
1129,2953
1140,2963
1174,2932
1163,2953
1174,2963
1208,2932
1197,2953
1208,2963
1242,2932
1231,2953
1242,2963
1276,2932
1265,2953
1276,2963
1310,2932
1299,2953
1310,2963
1344,2932
1333,2953
1344,2963
1378,2932
1367,2953
1378,2963
1412,2932
1401,2953
1412,2963
1446,2932
1435,2953
1446,2963
1480,2932
1469,2953
1480,2963
1514,2932
1503,2953
1514,2963
1548,2932
1537,2953
1548,2963
1582,2932
1571,2953
1582,2963
1616,2932
1605,2953
1616,2963
1650,2932
1639,2953
1650,2963
1684,2932
1673,2953
1684,2963
1718,2932
1707,2953
1718,2963
1752,2932
1741,2953
1752,2963
1786,2932
1775,2953
1786,2963
1820,2932
1809,2953
1820,2963
1854,2932
1843,2953
1854,2963
1888,2932
1877,2953
1888,2963
18,2994
7,3015
18,3025
52,2994
41,3015
52,3025
86,2994
75,3015
86,3025
120,2994
109,3015
120,3025
154,2994
143,3015
154,3025
188,2994
177,3015
188,3025
222,2994
211,3015
222,3025
256,2994
245,3015
256,3025
290,2994
279,3015
290,3025
324,2994
313,3015
324,3025
358,2994
347,3015
358,3025
392,2994
381,3015
392,3025
426,2994
415,3015
426,3025
460,2994
449,3015
460,3025
494,2994
483,3015
494,3025
528,2994
517,3015
528,3025
562,2994
551,3015
562,3025
596,2994
585,3015
596,3025
630,2994
619,3015
630,3025
664,2994
653,3015
664,3025
698,2994
687,3015
698,3025
732,2994
721,3015
732,3025
766,2994
755,3015
766,3025
800,2994
789,3015
800,3025
834,2994
823,3015
834,3025
868,2994
857,3015
868,3025
902,2994
891,3015
902,3025
936,2994
925,3015
936,3025
970,2994
959,3015
970,3025
1004,2994
993,3015
1004,3025
1038,2994
1027,3015
1038,3025
1072,2994
1061,3015
1072,3025
1106,2994
1095,3015
1106,3025
1140,2994
1129,3015
1140,3025
1174,2994
1163,3015
1174,3025
1208,2994
1197,3015
1208,3025
1242,2994
1231,3015
1242,3025
1276,2994
1265,3015
1276,3025
1310,2994
1299,3015
1310,3025
1344,2994
1333,3015
1344,3025
1378,2994
1367,3015
1378,3025
1412,2994
1401,3015
1412,3025
1446,2994
1435,3015
1446,3025
1480,2994
1469,3015
1480,3025
1514,2994
1503,3015
1514,3025
1548,2994
1537,3015
1548,3025
1582,2994
1571,3015
1582,3025
1616,2994
1605,3015
1616,3025
1650,2994
1639,3015
1650,3025
1684,2994
1673,3015
1684,3025
1718,2994
1707,3015
1718,3025
1752,2994
1741,3015
1752,3025
1786,2994
1775,3015
1786,3025
1820,2994
1809,3015
1820,3025
1854,2994
1843,3015
1854,3025
1888,2994
1877,3015
1888,3025
18,3056
7,3077
18,3087
52,3056
41,3077
52,3087
86,3056
75,3077
86,3087
120,3056
109,3077
120,3087
154,3056
143,3077
154,3087
188,3056
177,3077
188,3087
222,3056
211,3077
222,3087
256,3056
245,3077
256,3087
290,3056
279,3077
290,3087
324,3056
313,3077
324,3087
358,3056
347,3077
358,3087
392,3056
381,3077
392,3087
426,3056
415,3077
426,3087
460,3056
449,3077
460,3087
494,3056
483,3077
494,3087
528,3056
517,3077
528,3087
562,3056
551,3077
562,3087
596,3056
585,3077
596,3087
630,3056
619,3077
630,3087
664,3056
653,3077
664,3087
698,3056
687,3077
698,3087
732,3056
721,3077
732,3087
766,3056
755,3077
766,3087
800,3056
789,3077
800,3087
834,3056
823,3077
834,3087
868,3056
857,3077
868,3087
902,3056
891,3077
902,3087
936,3056
925,3077
936,3087
970,3056
959,3077
970,3087
1004,3056
993,3077
1004,3087
1038,3056
1027,3077
1038,3087
1072,3056
1061,3077
1072,3087
1106,3056
1095,3077
1106,3087
1140,3056
1129,3077
1140,3087
1174,3056
1163,3077
1174,3087
1208,3056
1197,3077
1208,3087
1242,3056
1231,3077
1242,3087
1276,3056
1265,3077
1276,3087
1310,3056
1299,3077
1310,3087
1344,3056
1333,3077
1344,3087
1378,3056
1367,3077
1378,3087
1412,3056
1401,3077
1412,3087
1446,3056
1435,3077
1446,3087
1480,3056
1469,3077
1480,3087
1514,3056
1503,3077
1514,3087
1548,3056
1537,3077
1548,3087
1582,3056
1571,3077
1582,3087
1616,3056
1605,3077
1616,3087
1650,3056
1639,3077
1650,3087
1684,3056
1673,3077
1684,3087
1718,3056
1707,3077
1718,3087
1752,3056
1741,3077
1752,3087
1786,3056
1775,3077
1786,3087
1820,3056
1809,3077
1820,3087
1854,3056
1843,3077
1854,3087
1888,3056
1877,3077
1888,3087
18,3118
7,3139
18,3149
52,3118
41,3139
52,3149
86,3118
75,3139
86,3149
120,3118
109,3139
120,3149
154,3118
143,3139
154,3149
188,3118
177,3139
188,3149
222,3118
211,3139
222,3149
256,3118
245,3139
256,3149
290,3118
279,3139
290,3149
324,3118
313,3139
324,3149
358,3118
347,3139
358,3149
392,3118
381,3139
392,3149
426,3118
415,3139
426,3149
460,3118
449,3139
460,3149
494,3118
483,3139
494,3149
528,3118
517,3139
528,3149
562,3118
551,3139
562,3149
596,3118
585,3139
596,3149
630,3118
619,3139
630,3149
664,3118
653,3139
664,3149
698,3118
687,3139
698,3149
732,3118
721,3139
732,3149
766,3118
755,3139
766,3149
800,3118
789,3139
800,3149
834,3118
823,3139
834,3149
868,3118
857,3139
868,3149
902,3118
891,3139
902,3149
936,3118
925,3139
936,3149
970,3118
959,3139
970,3149
1004,3118
993,3139
1004,3149
1038,3118
1027,3139
1038,3149
1072,3118
1061,3139
1072,3149
1106,3118
1095,3139
1106,3149
1140,3118
1129,3139
1140,3149
1174,3118
1163,3139
1174,3149
1208,3118
1197,3139
1208,3149
1242,3118
1231,3139
1242,3149
1276,3118
1265,3139
1276,3149
1310,3118
1299,3139
1310,3149
1344,3118
1333,3139
1344,3149
1378,3118
1367,3139
1378,3149
1412,3118
1401,3139
1412,3149
1446,3118
1435,3139
1446,3149
1480,3118
1469,3139
1480,3149
1514,3118
1503,3139
1514,3149
1548,3118
1537,3139
1548,3149
1582,3118
1571,3139
1582,3149
1616,3118
1605,3139
1616,3149
1650,3118
1639,3139
1650,3149
1684,3118
1673,3139
1684,3149
1718,3118
1707,3139
1718,3149
1752,3118
1741,3139
1752,3149
1786,3118
1775,3139
1786,3149
1820,3118
1809,3139
1820,3149
1854,3118
1843,3139
1854,3149
1888,3118
1877,3139
1888,3149
18,3180
7,3201
18,3211
52,3180
41,3201
52,3211
86,3180
75,3201
86,3211
120,3180
109,3201
120,3211
154,3180
143,3201
154,3211
188,3180
177,3201
188,3211
222,3180
211,3201
222,3211
256,3180
245,3201
256,3211
290,3180
279,3201
290,3211
324,3180
313,3201
324,3211
358,3180
347,3201
358,3211
392,3180
381,3201
392,3211
426,3180
415,3201
426,3211
460,3180
449,3201
460,3211
494,3180
483,3201
494,3211
528,3180
517,3201
528,3211
562,3180
551,3201
562,3211
596,3180
585,3201
596,3211
630,3180
619,3201
630,3211
664,3180
653,3201
664,3211
698,3180
687,3201
698,3211
732,3180
721,3201
732,3211
766,3180
755,3201
766,3211
800,3180
789,3201
800,3211
834,3180
823,3201
834,3211
868,3180
857,3201
868,3211
902,3180
891,3201
902,3211
936,3180
925,3201
936,3211
970,3180
959,3201
970,3211
1004,3180
993,3201
1004,3211
1038,3180
1027,3201
1038,3211
1072,3180
1061,3201
1072,3211
1106,3180
1095,3201
1106,3211
1140,3180
1129,3201
1140,3211
1174,3180
1163,3201
1174,3211
1208,3180
1197,3201
1208,3211
1242,3180
1231,3201
1242,3211
1276,3180
1265,3201
1276,3211
1310,3180
1299,3201
1310,3211
1344,3180
1333,3201
1344,3211
1378,3180
1367,3201
1378,3211
1412,3180
1401,3201
1412,3211
1446,3180
1435,3201
1446,3211
1480,3180
1469,3201
1480,3211
1514,3180
1503,3201
1514,3211
1548,3180
1537,3201
1548,3211
1582,3180
1571,3201
1582,3211
1616,3180
1605,3201
1616,3211
1650,3180
1639,3201
1650,3211
1684,3180
1673,3201
1684,3211
1718,3180
1707,3201
1718,3211
1752,3180
1741,3201
1752,3211
1786,3180
1775,3201
1786,3211
1820,3180
1809,3201
1820,3211
1854,3180
1843,3201
1854,3211
1888,3180
1877,3201
1888,3211
18,3242
7,3263
18,3273
52,3242
41,3263
52,3273
86,3242
75,3263
86,3273
120,3242
109,3263
120,3273
154,3242
143,3263
154,3273
188,3242
177,3263
188,3273
222,3242
211,3263
222,3273
256,3242
245,3263
256,3273
290,3242
279,3263
290,3273
324,3242
313,3263
324,3273
358,3242
347,3263
358,3273
392,3242
381,3263
392,3273
426,3242
415,3263
426,3273
460,3242
449,3263
460,3273
494,3242
483,3263
494,3273
528,3242
517,3263
528,3273
562,3242
551,3263
562,3273
596,3242
585,3263
596,3273
630,3242
619,3263
630,3273
664,3242
653,3263
664,3273
698,3242
687,3263
698,3273
732,3242
721,3263
732,3273
766,3242
755,3263
766,3273
800,3242
789,3263
800,3273
834,3242
823,3263
834,3273
868,3242
857,3263
868,3273
902,3242
891,3263
902,3273
936,3242
925,3263
936,3273
970,3242
959,3263
970,3273
1004,3242
993,3263
1004,3273
1038,3242
1027,3263
1038,3273
1072,3242
1061,3263
1072,3273
1106,3242
1095,3263
1106,3273
1140,3242
1129,3263
1140,3273
1174,3242
1163,3263
1174,3273
1208,3242
1197,3263
1208,3273
1242,3242
1231,3263
1242,3273
1276,3242
1265,3263
1276,3273
1310,3242
1299,3263
1310,3273
1344,3242
1333,3263
1344,3273
1378,3242
1367,3263
1378,3273
1412,3242
1401,3263
1412,3273
1446,3242
1435,3263
1446,3273
1480,3242
1469,3263
1480,3273
1514,3242
1503,3263
1514,3273
1548,3242
1537,3263
1548,3273
1582,3242
1571,3263
1582,3273
1616,3242
1605,3263
1616,3273
1650,3242
1639,3263
1650,3273
1684,3242
1673,3263
1684,3273
1718,3242
1707,3263
1718,3273
1752,3242
1741,3263
1752,3273
1786,3242
1775,3263
1786,3273
1820,3242
1809,3263
1820,3273
1854,3242
1843,3263
1854,3273
1888,3242
1877,3263
1888,3273
18,3304
7,3325
18,3335
52,3304
41,3325
52,3335
86,3304
75,3325
86,3335
120,3304
109,3325
120,3335
154,3304
143,3325
154,3335
188,3304
177,3325
188,3335
222,3304
211,3325
222,3335
256,3304
245,3325
256,3335
290,3304
279,3325
290,3335
324,3304
313,3325
324,3335
358,3304
347,3325
358,3335
392,3304
381,3325
392,3335
426,3304
415,3325
426,3335
460,3304
449,3325
460,3335
494,3304
483,3325
494,3335
528,3304
517,3325
528,3335
562,3304
551,3325
562,3335
596,3304
585,3325
596,3335
630,3304
619,3325
630,3335
664,3304
653,3325
664,3335
698,3304
687,3325
698,3335
732,3304
721,3325
732,3335
766,3304
755,3325
766,3335
800,3304
789,3325
800,3335
834,3304
823,3325
834,3335
868,3304
857,3325
868,3335
902,3304
891,3325
902,3335
936,3304
925,3325
936,3335
970,3304
959,3325
970,3335
1004,3304
993,3325
1004,3335
1038,3304
1027,3325
1038,3335
1072,3304
1061,3325
1072,3335
1106,3304
1095,3325
1106,3335
1140,3304
1129,3325
1140,3335
1174,3304
1163,3325
1174,3335
1208,3304
1197,3325
1208,3335
1242,3304
1231,3325
1242,3335
1276,3304
1265,3325
1276,3335
1310,3304
1299,3325
1310,3335
1344,3304
1333,3325
1344,3335
1378,3304
1367,3325
1378,3335
1412,3304
1401,3325
1412,3335
1446,3304
1435,3325
1446,3335
1480,3304
1469,3325
1480,3335
1514,3304
1503,3325
1514,3335
1548,3304
1537,3325
1548,3335
1582,3304
1571,3325
1582,3335
1616,3304
1605,3325
1616,3335
1650,3304
1639,3325
1650,3335
1684,3304
1673,3325
1684,3335
1718,3304
1707,3325
1718,3335
1752,3304
1741,3325
1752,3335
1786,3304
1775,3325
1786,3335
1820,3304
1809,3325
1820,3335
1854,3304
1843,3325
1854,3335
1888,3304
1877,3325
1888,3335
18,3366
7,3387
18,3397
52,3366
41,3387
52,3397
86,3366
75,3387
86,3397
120,3366
109,3387
120,3397
154,3366
143,3387
154,3397
188,3366
177,3387
188,3397
222,3366
211,3387
222,3397
256,3366
245,3387
256,3397
290,3366
279,3387
290,3397
324,3366
313,3387
324,3397
358,3366
347,3387
358,3397
392,3366
381,3387
392,3397
426,3366
415,3387
426,3397
460,3366
449,3387
460,3397
494,3366
483,3387
494,3397
528,3366
517,3387
528,3397
562,3366
551,3387
562,3397
596,3366
585,3387
596,3397
630,3366
619,3387
630,3397
664,3366
653,3387
664,3397
698,3366
687,3387
698,3397
732,3366
721,3387
732,3397
766,3366
755,3387
766,3397
800,3366
789,3387
800,3397
834,3366
823,3387
834,3397
868,3366
857,3387
868,3397
902,3366
891,3387
902,3397
936,3366
925,3387
936,3397
970,3366
959,3387
970,3397
1004,3366
993,3387
1004,3397
1038,3366
1027,3387
1038,3397
1072,3366
1061,3387
1072,3397
1106,3366
1095,3387
1106,3397
1140,3366
1129,3387
1140,3397
1174,3366
1163,3387
1174,3397
1208,3366
1197,3387
1208,3397
1242,3366
1231,3387
1242,3397
1276,3366
1265,3387
1276,3397
1310,3366
1299,3387
1310,3397
1344,3366
1333,3387
1344,3397
1378,3366
1367,3387
1378,3397
1412,3366
1401,3387
1412,3397
1446,3366
1435,3387
1446,3397
1480,3366
1469,3387
1480,3397
1514,3366
1503,3387
1514,3397
1548,3366
1537,3387
1548,3397
1582,3366
1571,3387
1582,3397
1616,3366
1605,3387
1616,3397
1650,3366
1639,3387
1650,3397
1684,3366
1673,3387
1684,3397
1718,3366
1707,3387
1718,3397
1752,3366
1741,3387
1752,3397
1786,3366
1775,3387
1786,3397
1820,3366
1809,3387
1820,3397
1854,3366
1843,3387
1854,3397
1888,3366
1877,3387
1888,3397
18,3428
7,3449
18,3459
52,3428
41,3449
52,3459
86,3428
75,3449
86,3459
120,3428
109,3449
120,3459
154,3428
143,3449
154,3459
188,3428
177,3449
188,3459
222,3428
211,3449
222,3459
256,3428
245,3449
256,3459
290,3428
279,3449
290,3459
324,3428
313,3449
324,3459
358,3428
347,3449
358,3459
392,3428
381,3449
392,3459
426,3428
415,3449
426,3459
460,3428
449,3449
460,3459
494,3428
483,3449
494,3459
528,3428
517,3449
528,3459
562,3428
551,3449
562,3459
596,3428
585,3449
596,3459
630,3428
619,3449
630,3459
664,3428
653,3449
664,3459
698,3428
687,3449
698,3459
732,3428
721,3449
732,3459
766,3428
755,3449
766,3459
800,3428
789,3449
800,3459
834,3428
823,3449
834,3459
868,3428
857,3449
868,3459
902,3428
891,3449
902,3459
936,3428
925,3449
936,3459
970,3428
959,3449
970,3459
1004,3428
993,3449
1004,3459
1038,3428
1027,3449
1038,3459
1072,3428
1061,3449
1072,3459
1106,3428
1095,3449
1106,3459
1140,3428
1129,3449
1140,3459
1174,3428
1163,3449
1174,3459
1208,3428
1197,3449
1208,3459
1242,3428
1231,3449
1242,3459
1276,3428
1265,3449
1276,3459
1310,3428
1299,3449
1310,3459
1344,3428
1333,3449
1344,3459
1378,3428
1367,3449
1378,3459
1412,3428
1401,3449
1412,3459
1446,3428
1435,3449
1446,3459
1480,3428
1469,3449
1480,3459
1514,3428
1503,3449
1514,3459
1548,3428
1537,3449
1548,3459
1582,3428
1571,3449
1582,3459
1616,3428
1605,3449
1616,3459
1650,3428
1639,3449
1650,3459
1684,3428
1673,3449
1684,3459
1718,3428
1707,3449
1718,3459
1752,3428
1741,3449
1752,3459
1786,3428
1775,3449
1786,3459
1820,3428
1809,3449
1820,3459
1854,3428
1843,3449
1854,3459
1888,3428
1877,3449
1888,3459
