26,20
5,22
16,41
40,18
60,24
49,43
94,20
73,22
84,41
108,18
128,24
117,43
142,18
162,24
151,43
176,18
196,24
185,43
230,20
209,22
220,41
246,30
263,36
278,18
298,24
287,43
331,22
312,45
325,49
346,18
366,24
355,43
400,20
379,22
390,41
416,30
433,36
467,22
448,45
461,49
484,30
501,36
536,20
515,22
526,41
570,20
549,22
560,41
603,22
584,45
597,49
628,20
637,41
618,42
672,20
651,22
662,41
686,18
706,24
695,43
730,20
739,41
720,42
756,30
773,36
788,18
808,24
797,43
842,20
821,22
832,41
866,20
875,41
856,42
900,20
909,41
890,42
934,20
943,41
924,42
970,18
959,39
970,49
1004,18
993,39
1004,49
1028,30
1045,36
1079,22
1060,45
1073,49
1113,22
1094,45
1107,49
1138,20
1147,41
1128,42
1172,20
1181,41
1162,42
1216,20
1195,22
1206,41
1242,18
1231,39
1242,49
1284,20
1263,22
1274,41
1298,18
1318,24
1307,43
1332,18
1352,24
1341,43
1366,18
1386,24
1375,43
1420,20
1399,22
1410,41
1444,20
1453,41
1434,42
1468,18
1488,24
1477,43
1504,30
1521,36
1546,20
1555,41
1536,42
1572,30
1589,36
1614,20
1623,41
1604,42
1640,30
1657,36
1691,22
1672,45
1685,49
1706,18
1726,24
1715,43
1752,18
1741,39
1752,49
1793,22
1774,45
1787,49
1820,18
1809,39
1820,49
1862,20
1841,22
1852,41
1888,18
1877,39
1888,49
26,82
5,84
16,103
60,82
39,84
50,103
84,82
93,103
74,104
110,92
127,98
154,80
143,101
154,111
196,82
175,84
186,103
220,82
229,103
210,104
254,82
263,103
244,104
297,84
278,107
291,111
322,82
331,103
312,104
348,92
365,98
380,80
400,86
389,105
414,80
434,86
423,105
448,80
468,86
457,105
502,82
481,84
492,103
516,80
536,86
525,105
550,80
570,86
559,105
594,82
603,103
584,104
620,92
637,98
654,92
671,98
706,82
685,84
696,103
722,92
739,98
773,84
754,107
767,111
798,82
807,103
788,104
842,82
821,84
832,103
858,92
875,98
892,92
909,98
944,82
923,84
934,103
978,82
957,84
968,103
1002,82
1011,103
992,104
1026,80
1046,86
1035,105
1072,80
1061,101
1072,111
1106,80
1095,101
1106,111
1148,82
1127,84
1138,103
1162,80
1182,86
1171,105
1215,84
1196,107
1209,111
1250,82
1229,84
1240,103
1264,80
1284,86
1273,105
1318,82
1297,84
1308,103
1342,82
1351,103
1332,104
1376,82
1385,103
1366,104
1400,80
1420,86
1409,105
1434,80
1454,86
1443,105
1487,84
1468,107
1481,111
1502,80
1522,86
1511,105
1538,92
1555,98
1572,92
1589,98
1624,82
1603,84
1614,103
1648,82
1657,103
1638,104
1672,80
1692,86
1681,105
1708,92
1725,98
1742,92
1759,98
1774,80
1794,86
1783,105
1818,82
1827,103
1808,104
1844,92
1861,98
1886,82
1895,103
1876,104
18,142
7,163
18,173
60,144
39,146
50,165
76,154
93,160
118,144
127,165
108,166
152,144
161,165
142,166
195,146
176,169
189,173
229,146
210,169
223,173
264,144
243,146
254,165
288,144
297,165
278,166
331,146
312,169
325,173
348,154
365,160
399,146
380,169
393,173
424,144
433,165
414,166
450,154
467,160
492,144
501,165
482,166
518,154
535,160
562,142
551,163
562,173
586,154
603,160
618,142
638,148
627,167
662,144
671,165
652,166
688,154
705,160
722,154
739,160
756,154
773,160
790,154
807,160
841,146
822,169
835,173
875,146
856,169
869,173
909,146
890,169
903,173
924,142
944,148
933,167
970,142
959,163
970,173
1004,142
993,163
1004,173
1026,142
1046,148
1035,167
1060,142
1080,148
1069,167
1113,146
1094,169
1107,173
1147,146
1128,169
1141,173
1181,146
1162,169
1175,173
1216,144
1195,146
1206,165
1232,154
1249,160
1276,142
1265,163
1276,173
1310,142
1299,163
1310,173
1351,146
1332,169
1345,173
1386,144
1365,146
1376,165
1410,144
1419,165
1400,166
1446,142
1435,163
1446,173
1470,154
1487,160
1502,142
1522,148
1511,167
1546,144
1555,165
1536,166
1589,146
1570,169
1583,173
1623,146
1604,169
1617,173
1658,144
1637,146
1648,165
1672,142
1692,148
1681,167
1718,142
1707,163
1718,173
1752,142
1741,163
1752,173
1793,146
1774,169
1787,173
1827,146
1808,169
1821,173
1844,154
1861,160
1895,146
1876,169
1889,173
8,216
25,222
60,206
39,208
50,227
76,216
93,222
128,206
107,208
118,227
162,206
141,208
152,227
176,204
196,210
185,229
222,204
211,225
222,235
263,208
244,231
257,235
280,216
297,222
332,206
311,208
322,227
348,216
365,222
399,208
380,231
393,235
416,216
433,222
458,206
467,227
448,228
484,216
501,222
536,206
515,208
526,227
569,208
550,231
563,235
603,208
584,231
597,235
628,206
637,227
618,228
671,208
652,231
665,235
706,206
685,208
696,227
722,216
739,222
773,208
754,231
767,235
800,204
789,225
800,235
822,204
842,210
831,229
868,204
857,225
868,235
890,204
910,210
899,229
924,204
944,210
933,229
977,208
958,231
971,235
992,204
1012,210
1001,229
1036,206
1045,227
1026,228
1072,204
1061,225
1072,235
1096,216
1113,222
1130,216
1147,222
1182,206
1161,208
1172,227
1206,206
1215,227
1196,228
1242,204
1231,225
1242,235
1276,204
1265,225
1276,235
1298,204
1318,210
1307,229
1332,204
1352,210
1341,229
1386,206
1365,208
1376,227
1420,206
1399,208
1410,227
1444,206
1453,227
1434,228
1470,216
1487,222
1522,206
1501,208
1512,227
1548,204
1537,225
1548,235
1580,206
1589,227
1570,228
1604,204
1624,210
1613,229
1650,204
1639,225
1650,235
1692,206
1671,208
1682,227
1718,204
1707,225
1718,235
1750,206
1759,227
1740,228
1776,216
1793,222
1828,206
1807,208
1818,227
1844,216
1861,222
1888,204
1877,225
1888,235
18,266
7,287
18,297
50,268
59,289
40,290
86,266
75,287
86,297
127,270
108,293
121,297
161,270
142,293
155,297
195,270
176,293
189,297
229,270
210,293
223,297
256,266
245,287
256,297
280,278
297,284
314,278
331,284
348,278
365,284
380,266
400,272
389,291
434,268
413,270
424,289
460,266
449,287
460,297
494,266
483,287
494,297
536,268
515,270
526,289
560,268
569,289
550,290
594,268
603,289
584,290
628,268
637,289
618,290
662,268
671,289
652,290
696,268
705,289
686,290
720,266
740,272
729,291
756,278
773,284
800,266
789,287
800,297
834,266
823,287
834,297
875,270
856,293
869,297
892,278
909,284
943,270
924,293
937,297
970,266
959,287
970,297
994,278
1011,284
1045,270
1026,293
1039,297
1060,266
1080,272
1069,291
1094,266
1114,272
1103,291
1138,268
1147,289
1128,290
1182,268
1161,270
1172,289
1206,268
1215,289
1196,290
1240,268
1249,289
1230,290
1264,266
1284,272
1273,291
1310,266
1299,287
1310,297
1334,278
1351,284
1376,268
1385,289
1366,290
1400,266
1420,272
1409,291
1453,270
1434,293
1447,297
1487,270
1468,293
1481,297
1512,268
1521,289
1502,290
1548,266
1537,287
1548,297
1570,266
1590,272
1579,291
1624,268
1603,270
1614,289
1658,268
1637,270
1648,289
1692,268
1671,270
1682,289
1718,266
1707,287
1718,297
1759,270
1740,293
1753,297
1793,270
1774,293
1787,297
1820,266
1809,287
1820,297
1852,268
1861,289
1842,290
1895,270
1876,293
1889,297
18,328
7,349
18,359
42,340
59,346
84,330
93,351
74,352
128,330
107,332
118,351
142,328
162,334
151,353
178,340
195,346
210,328
230,334
219,353
256,328
245,349
256,359
280,340
297,346
332,330
311,332
322,351
346,328
366,334
355,353
380,328
400,334
389,353
424,330
433,351
414,352
448,328
468,334
457,353
484,340
501,346
535,332
516,355
529,359
570,330
549,332
560,351
594,330
603,351
584,352
628,330
637,351
618,352
671,332
652,355
665,359
698,328
687,349
698,359
740,330
719,332
730,351
754,328
774,334
763,353
808,330
787,332
798,351
841,332
822,355
835,359
866,330
875,351
856,352
892,340
909,346
936,328
925,349
936,359
977,332
958,355
971,359
1011,332
992,355
1005,359
1046,330
1025,332
1036,351
1062,340
1079,346
1113,332
1094,355
1107,359
1138,330
1147,351
1128,352
1164,340
1181,346
1208,328
1197,349
1208,359
1230,328
1250,334
1239,353
1283,332
1264,355
1277,359
1310,328
1299,349
1310,359
1342,330
1351,351
1332,352
1376,330
1385,351
1366,352
1412,328
1401,349
1412,359
1446,328
1435,349
1446,359
1487,332
1468,355
1481,359
1502,328
1522,334
1511,353
1546,330
1555,351
1536,352
1582,328
1571,349
1582,359
1616,328
1605,349
1616,359
1657,332
1638,355
1651,359
1691,332
1672,355
1685,359
1716,330
1725,351
1706,352
1760,330
1739,332
1750,351
1784,330
1793,351
1774,352
1808,328
1828,334
1817,353
1852,330
1861,351
1842,352
1876,328
1896,334
1885,353
8,402
25,408
52,390
41,411
52,421
74,390
94,396
83,415
127,394
108,417
121,421
162,392
141,394
152,413
176,390
196,396
185,415
222,390
211,411
222,421
244,390
264,396
253,415
280,402
297,408
331,394
312,417
325,421
358,390
347,411
358,421
380,390
400,396
389,415
426,390
415,411
426,421
450,402
467,408
492,392
501,413
482,414
516,390
536,396
525,415
550,390
570,396
559,415
586,402
603,408
630,390
619,411
630,421
671,394
652,417
665,421
698,390
687,411
698,421
732,390
721,411
732,421
764,392
773,413
754,414
798,392
807,413
788,414
842,392
821,394
832,413
856,390
876,396
865,415
902,390
891,411
902,421
936,390
925,411
936,421
977,394
958,417
971,421
994,402
1011,408
1026,390
1046,396
1035,415
1060,390
1080,396
1069,415
1104,392
1113,413
1094,414
1147,394
1128,417
1141,421
1174,390
1163,411
1174,421
1208,390
1197,411
1208,421
1242,390
1231,411
1242,421
1274,392
1283,413
1264,414
1317,394
1298,417
1311,421
1342,392
1351,413
1332,414
1385,394
1366,417
1379,421
1400,390
1420,396
1409,415
1436,402
1453,408
1488,392
1467,394
1478,413
1504,402
1521,408
1536,390
1556,396
1545,415
1589,394
1570,417
1583,421
1614,392
1623,413
1604,414
1657,394
1638,417
1651,421
1672,390
1692,396
1681,415
1706,390
1726,396
1715,415
1740,390
1760,396
1749,415
1794,392
1773,394
1784,413
1828,392
1807,394
1818,413
1854,390
1843,411
1854,421
1878,402
1895,408
8,464
25,470
40,452
60,458
49,477
76,464
93,470
128,454
107,456
118,475
161,456
142,479
155,483
176,452
196,458
185,477
229,456
210,479
223,483
254,454
263,475
244,476
288,454
297,475
278,476
314,464
331,470
366,454
345,456
356,475
382,464
399,470
426,452
415,473
426,483
458,454
467,475
448,476
501,456
482,479
495,483
536,454
515,456
526,475
560,454
569,475
550,476
586,464
603,470
637,456
618,479
631,483
664,452
653,473
664,483
705,456
686,479
699,483
730,454
739,475
720,476
764,454
773,475
754,476
800,452
789,473
800,483
842,454
821,456
832,475
856,452
876,458
865,477
902,452
891,473
902,483
936,452
925,473
936,483
958,452
978,458
967,477
992,452
1012,458
1001,477
1045,456
1026,479
1039,483
1062,464
1079,470
1096,464
1113,470
1140,452
1129,473
1140,483
1182,454
1161,456
1172,475
1206,454
1215,475
1196,476
1232,464
1249,470
1284,454
1263,456
1274,475
1317,456
1298,479
1311,483
1334,464
1351,470
1386,454
1365,456
1376,475
1402,464
1419,470
1436,464
1453,470
1478,454
1487,475
1468,476
1502,452
1522,458
1511,477
1555,456
1536,479
1549,483
1590,454
1569,456
1580,475
1606,464
1623,470
1650,452
1639,473
1650,483
1674,464
1691,470
1706,452
1726,458
1715,477
1752,452
1741,473
1752,483
1784,454
1793,475
1774,476
1828,454
1807,456
1818,475
1861,456
1842,479
1855,483
1878,464
1895,470
26,516
5,518
16,537
52,514
41,535
52,545
76,526
93,532
128,516
107,518
118,537
154,514
143,535
154,545
188,514
177,535
188,545
229,518
210,541
223,545
263,518
244,541
257,545
280,526
297,532
324,514
313,535
324,545
365,518
346,541
359,545
382,526
399,532
433,518
414,541
427,545
460,514
449,535
460,545
502,516
481,518
492,537
536,516
515,518
526,537
569,518
550,541
563,545
586,526
603,532
618,514
638,520
627,539
654,526
671,532
688,526
705,532
740,516
719,518
730,537
764,516
773,537
754,538
790,526
807,532
834,514
823,535
834,545
875,518
856,541
869,545
909,518
890,541
903,545
934,516
943,537
924,538
960,526
977,532
1004,514
993,535
1004,545
1036,516
1045,537
1026,538
1079,518
1060,541
1073,545
1106,514
1095,535
1106,545
1148,516
1127,518
1138,537
1162,514
1182,520
1171,539
1208,514
1197,535
1208,545
1240,516
1249,537
1230,538
1266,526
1283,532
1318,516
1297,518
1308,537
1342,516
1351,537
1332,538
1385,518
1366,541
1379,545
1410,516
1419,537
1400,538
1434,514
1454,520
1443,539
1488,516
1467,518
1478,537
1514,514
1503,535
1514,545
1536,514
1556,520
1545,539
1589,518
1570,541
1583,545
1624,516
1603,518
1614,537
1638,514
1658,520
1647,539
1682,516
1691,537
1672,538
1716,516
1725,537
1706,538
1752,514
1741,535
1752,545
1794,516
1773,518
1784,537
1818,516
1827,537
1808,538
1842,514
1862,520
1851,539
1895,518
1876,541
1889,545
8,588
25,594
40,576
60,582
49,601
86,576
75,597
86,607
128,578
107,580
118,599
152,578
161,599
142,600
176,576
196,582
185,601
210,576
230,582
219,601
244,576
264,582
253,601
278,576
298,582
287,601
331,580
312,603
325,607
358,576
347,597
358,607
382,588
399,594
414,576
434,582
423,601
460,576
449,597
460,607
484,588
501,594
518,588
535,594
570,578
549,580
560,599
603,580
584,603
597,607
638,578
617,580
628,599
664,576
653,597
664,607
698,576
687,597
698,607
732,576
721,597
732,607
756,588
773,594
807,580
788,603
801,607
832,578
841,599
822,600
858,588
875,594
890,576
910,582
899,601
944,578
923,580
934,599
978,578
957,580
968,599
1002,578
1011,599
992,600
1026,576
1046,582
1035,601
1060,576
1080,582
1069,601
1106,576
1095,597
1106,607
1148,578
1127,580
1138,599
1164,588
1181,594
1215,580
1196,603
1209,607
1249,580
1230,603
1243,607
1283,580
1264,603
1277,607
1308,578
1317,599
1298,600
1344,576
1333,597
1344,607
1386,578
1365,580
1376,599
1419,580
1400,603
1413,607
1436,588
1453,594
1470,588
1487,594
1512,578
1521,599
1502,600
1556,578
1535,580
1546,599
1580,578
1589,599
1570,600
1614,578
1623,599
1604,600
1638,576
1658,582
1647,601
1692,578
1671,580
1682,599
1706,576
1726,582
1715,601
1759,580
1740,603
1753,607
1793,580
1774,603
1787,607
1810,588
1827,594
1852,578
1861,599
1842,600
1888,576
1877,597
1888,607
25,642
6,665
19,669
50,640
59,661
40,662
76,650
93,656
120,638
109,659
120,669
162,640
141,642
152,661
186,640
195,661
176,662
222,638
211,659
222,669
263,642
244,665
257,669
297,642
278,665
291,669
312,638
332,644
321,663
356,640
365,661
346,662
399,642
380,665
393,669
416,650
433,656
468,640
447,642
458,661
484,650
501,656
526,640
535,661
516,662
560,640
569,661
550,662
584,638
604,644
593,663
620,650
637,656
652,638
672,644
661,663
688,650
705,656
739,642
720,665
733,669
764,640
773,661
754,662
800,638
789,659
800,669
824,650
841,656
875,642
856,665
869,669
892,650
909,656
926,650
943,656
978,640
957,642
968,661
992,638
1012,644
1001,663
1036,640
1045,661
1026,662
1062,650
1079,656
1113,642
1094,665
1107,669
1148,640
1127,642
1138,661
1174,638
1163,659
1174,669
1206,640
1215,661
1196,662
1250,640
1229,642
1240,661
1283,642
1264,665
1277,669
1310,638
1299,659
1310,669
1352,640
1331,642
1342,661
1378,638
1367,659
1378,669
1412,638
1401,659
1412,669
1444,640
1453,661
1434,662
1478,640
1487,661
1468,662
1522,640
1501,642
1512,661
1536,638
1556,644
1545,663
1572,650
1589,656
1606,650
1623,656
1658,640
1637,642
1648,661
1684,638
1673,659
1684,669
1706,638
1726,644
1715,663
1740,638
1760,644
1749,663
1776,650
1793,656
1828,640
1807,642
1818,661
1854,638
1843,659
1854,669
1878,650
1895,656
25,704
6,727
19,731
50,702
59,723
40,724
93,704
74,727
87,731
110,712
127,718
152,702
161,723
142,724
176,700
196,706
185,725
229,704
210,727
223,731
244,700
264,706
253,725
298,702
277,704
288,723
322,702
331,723
312,724
366,702
345,704
356,723
399,704
380,727
393,731
426,700
415,721
426,731
458,702
467,723
448,724
492,702
501,723
482,724
528,700
517,721
528,731
552,712
569,718
604,702
583,704
594,723
630,700
619,721
630,731
664,700
653,721
664,731
698,700
687,721
698,731
720,700
740,706
729,725
773,704
754,727
767,731
790,712
807,718
842,702
821,704
832,723
866,702
875,723
856,724
900,702
909,723
890,724
924,700
944,706
933,725
960,712
977,718
1011,704
992,727
1005,731
1036,702
1045,723
1026,724
1062,712
1079,718
1114,702
1093,704
1104,723
1140,700
1129,721
1140,731
1172,702
1181,723
1162,724
1216,702
1195,704
1206,723
1250,702
1229,704
1240,723
1264,700
1284,706
1273,725
1317,704
1298,727
1311,731
1342,702
1351,723
1332,724
1376,702
1385,723
1366,724
1420,702
1399,704
1410,723
1446,700
1435,721
1446,731
1488,702
1467,704
1478,723
1521,704
1502,727
1515,731
1538,712
1555,718
1572,712
1589,718
1616,700
1605,721
1616,731
1657,704
1638,727
1651,731
1682,702
1691,723
1672,724
1708,712
1725,718
1750,702
1759,723
1740,724
1794,702
1773,704
1784,723
1810,712
1827,718
1844,712
1861,718
1876,700
1896,706
1885,725
8,774
25,780
50,764
59,785
40,786
93,766
74,789
87,793
118,764
127,785
108,786
152,764
161,785
142,786
195,766
176,789
189,793
212,774
229,780
246,774
263,780
278,762
298,768
287,787
322,764
331,785
312,786
356,764
365,785
346,786
380,762
400,768
389,787
434,764
413,766
424,785
448,762
468,768
457,787
484,774
501,780
535,766
516,789
529,793
550,762
570,768
559,787
586,774
603,780
638,764
617,766
628,785
672,764
651,766
662,785
686,762
706,768
695,787
730,764
739,785
720,786
754,762
774,768
763,787
808,764
787,766
798,785
824,774
841,780
858,774
875,780
902,762
891,783
902,793
926,774
943,780
970,762
959,783
970,793
1011,766
992,789
1005,793
1028,774
1045,780
1080,764
1059,766
1070,785
1094,762
1114,768
1103,787
1138,764
1147,785
1128,786
1162,762
1182,768
1171,787
1208,762
1197,783
1208,793
1230,762
1250,768
1239,787
1274,764
1283,785
1264,786
1317,766
1298,789
1311,793
1344,762
1333,783
1344,793
1378,762
1367,783
1378,793
1400,762
1420,768
1409,787
1434,762
1454,768
1443,787
1470,774
1487,780
1512,764
1521,785
1502,786
1546,764
1555,785
1536,786
1572,774
1589,780
1616,762
1605,783
1616,793
1650,762
1639,783
1650,793
1691,766
1672,789
1685,793
1725,766
1706,789
1719,793
1752,762
1741,783
1752,793
1786,762
1775,783
1786,793
1820,762
1809,783
1820,793
1862,764
1841,766
1852,785
1878,774
1895,780
25,828
6,851
19,855
60,826
39,828
50,847
93,828
74,851
87,855
110,836
127,842
144,836
161,842
178,836
195,842
212,836
229,842
264,826
243,828
254,847
298,826
277,828
288,847
324,824
313,845
324,855
346,824
366,830
355,849
382,836
399,842
414,824
434,830
423,849
468,826
447,828
458,847
502,826
481,828
492,847
518,836
535,842
570,826
549,828
560,847
604,826
583,828
594,847
618,824
638,830
627,849
671,828
652,851
665,855
688,836
705,842
732,824
721,845
732,855
756,836
773,842
807,828
788,851
801,855
842,826
821,828
832,847
876,826
855,828
866,847
890,824
910,830
899,849
943,828
924,851
937,855
968,826
977,847
958,848
994,836
1011,842
1028,836
1045,842
1062,836
1079,842
1106,824
1095,845
1106,855
1130,836
1147,842
1182,826
1161,828
1172,847
1215,828
1196,851
1209,855
1242,824
1231,845
1242,855
1266,836
1283,842
1298,824
1318,830
1307,849
1352,826
1331,828
1342,847
1376,826
1385,847
1366,848
1419,828
1400,851
1413,855
1454,826
1433,828
1444,847
1480,824
1469,845
1480,855
1502,824
1522,830
1511,849
1548,824
1537,845
1548,855
1580,826
1589,847
1570,848
1616,824
1605,845
1616,855
1638,824
1658,830
1647,849
1684,824
1673,845
1684,855
1725,828
1706,851
1719,855
1759,828
1740,851
1753,855
1776,836
1793,842
1828,826
1807,828
1818,847
1862,826
1841,828
1852,847
1886,826
1895,847
1876,848
8,898
25,904
42,898
59,904
86,886
75,907
86,917
118,888
127,909
108,910
152,888
161,909
142,910
195,890
176,913
189,917
229,890
210,913
223,917
264,888
243,890
254,909
288,888
297,909
278,910
312,886
332,892
321,911
346,886
366,892
355,911
399,890
380,913
393,917
433,890
414,913
427,917
468,888
447,890
458,909
501,890
482,913
495,917
535,890
516,913
529,917
560,888
569,909
550,910
584,886
604,892
593,911
618,886
638,892
627,911
652,886
672,892
661,911
696,888
705,909
686,910
739,890
720,913
733,917
764,888
773,909
754,910
790,898
807,904
824,898
841,904
875,890
856,913
869,917
890,886
910,892
899,911
934,888
943,909
924,910
970,886
959,907
970,917
1012,888
991,890
1002,909
1045,890
1026,913
1039,917
1072,886
1061,907
1072,917
1114,888
1093,890
1104,909
1147,890
1128,913
1141,917
1182,888
1161,890
1172,909
1208,886
1197,907
1208,917
1240,888
1249,909
1230,910
1284,888
1263,890
1274,909
1310,886
1299,907
1310,917
1332,886
1352,892
1341,911
1378,886
1367,907
1378,917
1420,888
1399,890
1410,909
1436,898
1453,904
1488,888
1467,890
1478,909
1514,886
1503,907
1514,917
1555,890
1536,913
1549,917
1590,888
1569,890
1580,909
1604,886
1624,892
1613,911
1648,888
1657,909
1638,910
1692,888
1671,890
1682,909
1716,888
1725,909
1706,910
1740,886
1760,892
1749,911
1793,890
1774,913
1787,917
1808,886
1828,892
1817,911
1852,888
1861,909
1842,910
1876,886
1896,892
1885,911
26,950
5,952
16,971
42,960
59,966
84,950
93,971
74,972
108,948
128,954
117,973
161,952
142,975
155,979
178,960
195,966
229,952
210,975
223,979
264,950
243,952
254,971
280,960
297,966
324,948
313,969
324,979
356,950
365,971
346,972
400,950
379,952
390,971
414,948
434,954
423,973
467,952
448,975
461,979
492,950
501,971
482,972
526,950
535,971
516,972
560,950
569,971
550,972
586,960
603,966
618,948
638,954
627,973
672,950
651,952
662,971
686,948
706,954
695,973
740,950
719,952
730,971
774,950
753,952
764,971
788,948
808,954
797,973
841,952
822,975
835,979
875,952
856,975
869,979
890,948
910,954
899,973
926,960
943,966
970,948
959,969
970,979
994,960
1011,966
1026,948
1046,954
1035,973
1070,950
1079,971
1060,972
1114,950
1093,952
1104,971
1138,950
1147,971
1128,972
1164,960
1181,966
1215,952
1196,975
1209,979
1242,948
1231,969
1242,979
1284,950
1263,952
1274,971
1300,960
1317,966
1351,952
1332,975
1345,979
1385,952
1366,975
1379,979
1402,960
1419,966
1436,960
1453,966
1480,948
1469,969
1480,979
1504,960
1521,966
1546,950
1555,971
1536,972
1572,960
1589,966
1616,948
1605,969
1616,979
1638,948
1658,954
1647,973
1682,950
1691,971
1672,972
1708,960
1725,966
1740,948
1760,954
1749,973
1794,950
1773,952
1784,971
1827,952
1808,975
1821,979
1861,952
1842,975
1855,979
1878,960
1895,966
26,1012
5,1014
16,1033
52,1010
41,1031
52,1041
86,1010
75,1031
86,1041
127,1014
108,1037
121,1041
144,1022
161,1028
195,1014
176,1037
189,1041
212,1022
229,1028
244,1010
264,1016
253,1035
280,1022
297,1028
322,1012
331,1033
312,1034
358,1010
347,1031
358,1041
390,1012
399,1033
380,1034
424,1012
433,1033
414,1034
460,1010
449,1031
460,1041
484,1022
501,1028
516,1010
536,1016
525,1035
552,1022
569,1028
604,1012
583,1014
594,1033
637,1014
618,1037
631,1041
652,1010
672,1016
661,1035
705,1014
686,1037
699,1041
720,1010
740,1016
729,1035
754,1010
774,1016
763,1035
798,1012
807,1033
788,1034
834,1010
823,1031
834,1041
875,1014
856,1037
869,1041
900,1012
909,1033
890,1034
926,1022
943,1028
978,1012
957,1014
968,1033
1011,1014
992,1037
1005,1041
1038,1010
1027,1031
1038,1041
1060,1010
1080,1016
1069,1035
1104,1012
1113,1033
1094,1034
1138,1012
1147,1033
1128,1034
1182,1012
1161,1014
1172,1033
1215,1014
1196,1037
1209,1041
1232,1022
1249,1028
1266,1022
1283,1028
1317,1014
1298,1037
1311,1041
1352,1012
1331,1014
1342,1033
1385,1014
1366,1037
1379,1041
1419,1014
1400,1037
1413,1041
1454,1012
1433,1014
1444,1033
1470,1022
1487,1028
1522,1012
1501,1014
1512,1033
1536,1010
1556,1016
1545,1035
1572,1022
1589,1028
1616,1010
1605,1031
1616,1041
1657,1014
1638,1037
1651,1041
1684,1010
1673,1031
1684,1041
1716,1012
1725,1033
1706,1034
1752,1010
1741,1031
1752,1041
1776,1022
1793,1028
1820,1010
1809,1031
1820,1041
1844,1022
1861,1028
1895,1014
1876,1037
1889,1041
16,1074
25,1095
6,1096
40,1072
60,1078
49,1097
94,1074
73,1076
84,1095
120,1072
109,1093
120,1103
144,1084
161,1090
186,1074
195,1095
176,1096
210,1072
230,1078
219,1097
246,1084
263,1090
298,1074
277,1076
288,1095
332,1074
311,1076
322,1095
356,1074
365,1095
346,1096
400,1074
379,1076
390,1095
434,1074
413,1076
424,1095
460,1072
449,1093
460,1103
484,1084
501,1090
518,1084
535,1090
550,1072
570,1078
559,1097
586,1084
603,1090
638,1074
617,1076
628,1095
662,1074
671,1095
652,1096
688,1084
705,1090
722,1084
739,1090
774,1074
753,1076
764,1095
790,1084
807,1090
842,1074
821,1076
832,1095
876,1074
855,1076
866,1095
892,1084
909,1090
926,1084
943,1090
970,1072
959,1093
970,1103
1004,1072
993,1093
1004,1103
1045,1076
1026,1099
1039,1103
1079,1076
1060,1099
1073,1103
1114,1074
1093,1076
1104,1095
1140,1072
1129,1093
1140,1103
1181,1076
1162,1099
1175,1103
1208,1072
1197,1093
1208,1103
1232,1084
1249,1090
1274,1074
1283,1095
1264,1096
1310,1072
1299,1093
1310,1103
1332,1072
1352,1078
1341,1097
1385,1076
1366,1099
1379,1103
1410,1074
1419,1095
1400,1096
1453,1076
1434,1099
1447,1103
1478,1074
1487,1095
1468,1096
1512,1074
1521,1095
1502,1096
1536,1072
1556,1078
1545,1097
1570,1072
1590,1078
1579,1097
1616,1072
1605,1093
1616,1103
1648,1074
1657,1095
1638,1096
1692,1074
1671,1076
1682,1095
1716,1074
1725,1095
1706,1096
1750,1074
1759,1095
1740,1096
1794,1074
1773,1076
1784,1095
1810,1084
1827,1090
1861,1076
1842,1099
1855,1103
1876,1072
1896,1078
1885,1097
8,1146
25,1152
50,1136
59,1157
40,1158
86,1134
75,1155
86,1165
128,1136
107,1138
118,1157
161,1138
142,1161
155,1165
178,1146
195,1152
220,1136
229,1157
210,1158
264,1136
243,1138
254,1157
280,1146
297,1152
322,1136
331,1157
312,1158
366,1136
345,1138
356,1157
392,1134
381,1155
392,1165
424,1136
433,1157
414,1158
460,1134
449,1155
460,1165
484,1146
501,1152
518,1146
535,1152
570,1136
549,1138
560,1157
604,1136
583,1138
594,1157
638,1136
617,1138
628,1157
662,1136
671,1157
652,1158
696,1136
705,1157
686,1158
720,1134
740,1140
729,1159
754,1134
774,1140
763,1159
800,1134
789,1155
800,1165
841,1138
822,1161
835,1165
858,1146
875,1152
892,1146
909,1152
934,1136
943,1157
924,1158
960,1146
977,1152
1011,1138
992,1161
1005,1165
1026,1134
1046,1140
1035,1159
1060,1134
1080,1140
1069,1159
1094,1134
1114,1140
1103,1159
1148,1136
1127,1138
1138,1157
1164,1146
1181,1152
1215,1138
1196,1161
1209,1165
1249,1138
1230,1161
1243,1165
1283,1138
1264,1161
1277,1165
1317,1138
1298,1161
1311,1165
1352,1136
1331,1138
1342,1157
1368,1146
1385,1152
1402,1146
1419,1152
1453,1138
1434,1161
1447,1165
1487,1138
1468,1161
1481,1165
1502,1134
1522,1140
1511,1159
1548,1134
1537,1155
1548,1165
1572,1146
1589,1152
1604,1134
1624,1140
1613,1159
1640,1146
1657,1152
1692,1136
1671,1138
1682,1157
1718,1134
1707,1155
1718,1165
1752,1134
1741,1155
1752,1165
1794,1136
1773,1138
1784,1157
1827,1138
1808,1161
1821,1165
1844,1146
1861,1152
1876,1134
1896,1140
1885,1159
25,1200
6,1223
19,1227
59,1200
40,1223
53,1227
84,1198
93,1219
74,1220
120,1196
109,1217
120,1227
161,1200
142,1223
155,1227
196,1198
175,1200
186,1219
222,1196
211,1217
222,1227
244,1196
264,1202
253,1221
280,1208
297,1214
314,1208
331,1214
356,1198
365,1219
346,1220
399,1200
380,1223
393,1227
414,1196
434,1202
423,1221
458,1198
467,1219
448,1220
502,1198
481,1200
492,1219
535,1200
516,1223
529,1227
552,1208
569,1214
596,1196
585,1217
596,1227
638,1198
617,1200
628,1219
672,1198
651,1200
662,1219
706,1198
685,1200
696,1219
732,1196
721,1217
732,1227
764,1198
773,1219
754,1220
788,1196
808,1202
797,1221
832,1198
841,1219
822,1220
866,1198
875,1219
856,1220
902,1196
891,1217
902,1227
936,1196
925,1217
936,1227
958,1196
978,1202
967,1221
1002,1198
1011,1219
992,1220
1038,1196
1027,1217
1038,1227
1070,1198
1079,1219
1060,1220
1096,1208
1113,1214
1138,1198
1147,1219
1128,1220
1181,1200
1162,1223
1175,1227
1208,1196
1197,1217
1208,1227
1232,1208
1249,1214
1284,1198
1263,1200
1274,1219
1298,1196
1318,1202
1307,1221
1342,1198
1351,1219
1332,1220
1385,1200
1366,1223
1379,1227
1420,1198
1399,1200
1410,1219
1453,1200
1434,1223
1447,1227
1468,1196
1488,1202
1477,1221
1514,1196
1503,1217
1514,1227
1536,1196
1556,1202
1545,1221
1580,1198
1589,1219
1570,1220
1623,1200
1604,1223
1617,1227
1638,1196
1658,1202
1647,1221
1692,1198
1671,1200
1682,1219
1725,1200
1706,1223
1719,1227
1740,1196
1760,1202
1749,1221
1793,1200
1774,1223
1787,1227
1810,1208
1827,1214
1844,1208
1861,1214
1896,1198
1875,1200
1886,1219
25,1262
6,1285
19,1289
52,1258
41,1279
52,1289
74,1258
94,1264
83,1283
128,1260
107,1262
118,1281
161,1262
142,1285
155,1289
195,1262
176,1285
189,1289
210,1258
230,1264
219,1283
264,1260
243,1262
254,1281
278,1258
298,1264
287,1283
331,1262
312,1285
325,1289
348,1270
365,1276
392,1258
381,1279
392,1289
414,1258
434,1264
423,1283
460,1258
449,1279
460,1289
482,1258
502,1264
491,1283
516,1258
536,1264
525,1283
562,1258
551,1279
562,1289
596,1258
585,1279
596,1289
618,1258
638,1264
627,1283
662,1260
671,1281
652,1282
686,1258
706,1264
695,1283
739,1262
720,1285
733,1289
754,1258
774,1264
763,1283
800,1258
789,1279
800,1289
842,1260
821,1262
832,1281
866,1260
875,1281
856,1282
900,1260
909,1281
890,1282
924,1258
944,1264
933,1283
960,1270
977,1276
1002,1260
1011,1281
992,1282
1036,1260
1045,1281
1026,1282
1070,1260
1079,1281
1060,1282
1096,1270
1113,1276
1138,1260
1147,1281
1128,1282
1182,1260
1161,1262
1172,1281
1198,1270
1215,1276
1230,1258
1250,1264
1239,1283
1266,1270
1283,1276
1310,1258
1299,1279
1310,1289
1351,1262
1332,1285
1345,1289
1378,1258
1367,1279
1378,1289
1410,1260
1419,1281
1400,1282
1434,1258
1454,1264
1443,1283
1470,1270
1487,1276
1521,1262
1502,1285
1515,1289
1555,1262
1536,1285
1549,1289
1582,1258
1571,1279
1582,1289
1614,1260
1623,1281
1604,1282
1640,1270
1657,1276
1691,1262
1672,1285
1685,1289
1725,1262
1706,1285
1719,1289
1742,1270
1759,1276
1776,1270
1793,1276
1810,1270
1827,1276
1844,1270
1861,1276
1895,1262
1876,1285
1889,1289
8,1332
25,1338
50,1322
59,1343
40,1344
76,1332
93,1338
120,1320
109,1341
120,1351
144,1332
161,1338
178,1332
195,1338
212,1332
229,1338
264,1322
243,1324
254,1343
298,1322
277,1324
288,1343
322,1322
331,1343
312,1344
356,1322
365,1343
346,1344
380,1320
400,1326
389,1345
434,1322
413,1324
424,1343
450,1332
467,1338
482,1320
502,1326
491,1345
516,1320
536,1326
525,1345
570,1322
549,1324
560,1343
603,1324
584,1347
597,1351
630,1320
619,1341
630,1351
662,1322
671,1343
652,1344
705,1324
686,1347
699,1351
739,1324
720,1347
733,1351
764,1322
773,1343
754,1344
808,1322
787,1324
798,1343
834,1320
823,1341
834,1351
866,1322
875,1343
856,1344
909,1324
890,1347
903,1351
934,1322
943,1343
924,1344
960,1332
977,1338
1012,1322
991,1324
1002,1343
1026,1320
1046,1326
1035,1345
1070,1322
1079,1343
1060,1344
1113,1324
1094,1347
1107,1351
1130,1332
1147,1338
1182,1322
1161,1324
1172,1343
1198,1332
1215,1338
1240,1322
1249,1343
1230,1344
1266,1332
1283,1338
1298,1320
1318,1326
1307,1345
1334,1332
1351,1338
1366,1320
1386,1326
1375,1345
1410,1322
1419,1343
1400,1344
1454,1322
1433,1324
1444,1343
1487,1324
1468,1347
1481,1351
1521,1324
1502,1347
1515,1351
1556,1322
1535,1324
1546,1343
1589,1324
1570,1347
1583,1351
1623,1324
1604,1347
1617,1351
1650,1320
1639,1341
1650,1351
1672,1320
1692,1326
1681,1345
1708,1332
1725,1338
1759,1324
1740,1347
1753,1351
1794,1322
1773,1324
1784,1343
1828,1322
1807,1324
1818,1343
1862,1322
1841,1324
1852,1343
1888,1320
1877,1341
1888,1351
25,1386
6,1409
19,1413
42,1394
59,1400
74,1382
94,1388
83,1407
128,1384
107,1386
118,1405
161,1386
142,1409
155,1413
188,1382
177,1403
188,1413
230,1384
209,1386
220,1405
246,1394
263,1400
280,1394
297,1400
324,1382
313,1403
324,1413
356,1384
365,1405
346,1406
392,1382
381,1403
392,1413
416,1394
433,1400
468,1384
447,1386
458,1405
494,1382
483,1403
494,1413
528,1382
517,1403
528,1413
550,1382
570,1388
559,1407
594,1384
603,1405
584,1406
618,1382
638,1388
627,1407
672,1384
651,1386
662,1405
698,1382
687,1403
698,1413
730,1384
739,1405
720,1406
764,1384
773,1405
754,1406
790,1394
807,1400
832,1384
841,1405
822,1406
856,1382
876,1388
865,1407
910,1384
889,1386
900,1405
934,1384
943,1405
924,1406
977,1386
958,1409
971,1413
992,1382
1012,1388
1001,1407
1036,1384
1045,1405
1026,1406
1072,1382
1061,1403
1072,1413
1096,1394
1113,1400
1138,1384
1147,1405
1128,1406
1162,1382
1182,1388
1171,1407
1206,1384
1215,1405
1196,1406
1250,1384
1229,1386
1240,1405
1274,1384
1283,1405
1264,1406
1308,1384
1317,1405
1298,1406
1342,1384
1351,1405
1332,1406
1386,1384
1365,1386
1376,1405
1412,1382
1401,1403
1412,1413
1444,1384
1453,1405
1434,1406
1480,1382
1469,1403
1480,1413
1502,1382
1522,1388
1511,1407
1548,1382
1537,1403
1548,1413
1572,1394
1589,1400
1624,1384
1603,1386
1614,1405
1650,1382
1639,1403
1650,1413
1684,1382
1673,1403
1684,1413
1716,1384
1725,1405
1706,1406
1759,1386
1740,1409
1753,1413
1784,1384
1793,1405
1774,1406
1808,1382
1828,1388
1817,1407
1842,1382
1862,1388
1851,1407
1886,1384
1895,1405
1876,1406
16,1446
25,1467
6,1468
60,1446
39,1448
50,1467
93,1448
74,1471
87,1475
128,1446
107,1448
118,1467
154,1444
143,1465
154,1475
186,1446
195,1467
176,1468
230,1446
209,1448
220,1467
264,1446
243,1448
254,1467
280,1456
297,1462
312,1444
332,1450
321,1469
365,1448
346,1471
359,1475
400,1446
379,1448
390,1467
434,1446
413,1448
424,1467
448,1444
468,1450
457,1469
492,1446
501,1467
482,1468
536,1446
515,1448
526,1467
570,1446
549,1448
560,1467
603,1448
584,1471
597,1475
638,1446
617,1448
628,1467
671,1448
652,1471
665,1475
705,1448
686,1471
699,1475
720,1444
740,1450
729,1469
774,1446
753,1448
764,1467
788,1444
808,1450
797,1469
842,1446
821,1448
832,1467
875,1448
856,1471
869,1475
909,1448
890,1471
903,1475
936,1444
925,1465
936,1475
977,1448
958,1471
971,1475
994,1456
1011,1462
1046,1446
1025,1448
1036,1467
1070,1446
1079,1467
1060,1468
1106,1444
1095,1465
1106,1475
1140,1444
1129,1465
1140,1475
1174,1444
1163,1465
1174,1475
1208,1444
1197,1465
1208,1475
1232,1456
1249,1462
1276,1444
1265,1465
1276,1475
1308,1446
1317,1467
1298,1468
1342,1446
1351,1467
1332,1468
1378,1444
1367,1465
1378,1475
1419,1448
1400,1471
1413,1475
1454,1446
1433,1448
1444,1467
1488,1446
1467,1448
1478,1467
1504,1456
1521,1462
1556,1446
1535,1448
1546,1467
1590,1446
1569,1448
1580,1467
1624,1446
1603,1448
1614,1467
1650,1444
1639,1465
1650,1475
1672,1444
1692,1450
1681,1469
1716,1446
1725,1467
1706,1468
1742,1456
1759,1462
1793,1448
1774,1471
1787,1475
1808,1444
1828,1450
1817,1469
1862,1446
1841,1448
1852,1467
1886,1446
1895,1467
1876,1468
8,1518
25,1524
42,1518
59,1524
74,1506
94,1512
83,1531
127,1510
108,1533
121,1537
142,1506
162,1512
151,1531
195,1510
176,1533
189,1537
222,1506
211,1527
222,1537
244,1506
264,1512
253,1531
278,1506
298,1512
287,1531
324,1506
313,1527
324,1537
358,1506
347,1527
358,1537
399,1510
380,1533
393,1537
414,1506
434,1512
423,1531
467,1510
448,1533
461,1537
502,1508
481,1510
492,1529
518,1518
535,1524
562,1506
551,1527
562,1537
584,1506
604,1512
593,1531
620,1518
637,1524
652,1506
672,1512
661,1531
698,1506
687,1527
698,1537
722,1518
739,1524
766,1506
755,1527
766,1537
808,1508
787,1510
798,1529
834,1506
823,1527
834,1537
868,1506
857,1527
868,1537
892,1518
909,1524
934,1508
943,1529
924,1530
968,1508
977,1529
958,1530
1004,1506
993,1527
1004,1537
1028,1518
1045,1524
1072,1506
1061,1527
1072,1537
1096,1518
1113,1524
1138,1508
1147,1529
1128,1530
1181,1510
1162,1533
1175,1537
1215,1510
1196,1533
1209,1537
1250,1508
1229,1510
1240,1529
1276,1506
1265,1527
1276,1537
1318,1508
1297,1510
1308,1529
1332,1506
1352,1512
1341,1531
1366,1506
1386,1512
1375,1531
1400,1506
1420,1512
1409,1531
1446,1506
1435,1527
1446,1537
1487,1510
1468,1533
1481,1537
1512,1508
1521,1529
1502,1530
1546,1508
1555,1529
1536,1530
1570,1506
1590,1512
1579,1531
1624,1508
1603,1510
1614,1529
1640,1518
1657,1524
1674,1518
1691,1524
1716,1508
1725,1529
1706,1530
1760,1508
1739,1510
1750,1529
1776,1518
1793,1524
1810,1518
1827,1524
1852,1508
1861,1529
1842,1530
1888,1506
1877,1527
1888,1537
6,1568
26,1574
15,1593
42,1580
59,1586
74,1568
94,1574
83,1593
120,1568
109,1589
120,1599
161,1572
142,1595
155,1599
176,1568
196,1574
185,1593
222,1568
211,1589
222,1599
254,1570
263,1591
244,1592
278,1568
298,1574
287,1593
314,1580
331,1586
356,1570
365,1591
346,1592
380,1568
400,1574
389,1593
424,1570
433,1591
414,1592
468,1570
447,1572
458,1591
501,1572
482,1595
495,1599
535,1572
516,1595
529,1599
562,1568
551,1589
562,1599
603,1572
584,1595
597,1599
630,1568
619,1589
630,1599
664,1568
653,1589
664,1599
686,1568
706,1574
695,1593
722,1580
739,1586
754,1568
774,1574
763,1593
788,1568
808,1574
797,1593
834,1568
823,1589
834,1599
868,1568
857,1589
868,1599
902,1568
891,1589
902,1599
924,1568
944,1574
933,1593
970,1568
959,1589
970,1599
992,1568
1012,1574
1001,1593
1045,1572
1026,1595
1039,1599
1062,1580
1079,1586
1113,1572
1094,1595
1107,1599
1140,1568
1129,1589
1140,1599
1181,1572
1162,1595
1175,1599
1196,1568
1216,1574
1205,1593
1230,1568
1250,1574
1239,1593
1276,1568
1265,1589
1276,1599
1308,1570
1317,1591
1298,1592
1332,1568
1352,1574
1341,1593
1366,1568
1386,1574
1375,1593
1402,1580
1419,1586
1436,1580
1453,1586
1470,1580
1487,1586
1504,1580
1521,1586
1538,1580
1555,1586
1582,1568
1571,1589
1582,1599
1614,1570
1623,1591
1604,1592
1638,1568
1658,1574
1647,1593
1692,1570
1671,1572
1682,1591
1708,1580
1725,1586
1760,1570
1739,1572
1750,1591
1784,1570
1793,1591
1774,1592
1810,1580
1827,1586
1861,1572
1842,1595
1855,1599
1896,1570
1875,1572
1886,1591
8,1642
25,1648
50,1632
59,1653
40,1654
86,1630
75,1651
86,1661
108,1630
128,1636
117,1655
144,1642
161,1648
195,1634
176,1657
189,1661
220,1632
229,1653
210,1654
256,1630
245,1651
256,1661
298,1632
277,1634
288,1653
324,1630
313,1651
324,1661
348,1642
365,1648
380,1630
400,1636
389,1655
424,1632
433,1653
414,1654
450,1642
467,1648
492,1632
501,1653
482,1654
526,1632
535,1653
516,1654
562,1630
551,1651
562,1661
603,1634
584,1657
597,1661
618,1630
638,1636
627,1655
664,1630
653,1651
664,1661
698,1630
687,1651
698,1661
722,1642
739,1648
774,1632
753,1634
764,1653
788,1630
808,1636
797,1655
822,1630
842,1636
831,1655
876,1632
855,1634
866,1653
909,1634
890,1657
903,1661
934,1632
943,1653
924,1654
958,1630
978,1636
967,1655
1002,1632
1011,1653
992,1654
1028,1642
1045,1648
1060,1630
1080,1636
1069,1655
1113,1634
1094,1657
1107,1661
1130,1642
1147,1648
1182,1632
1161,1634
1172,1653
1215,1634
1196,1657
1209,1661
1230,1630
1250,1636
1239,1655
1276,1630
1265,1651
1276,1661
1310,1630
1299,1651
1310,1661
1342,1632
1351,1653
1332,1654
1378,1630
1367,1651
1378,1661
1400,1630
1420,1636
1409,1655
1434,1630
1454,1636
1443,1655
1468,1630
1488,1636
1477,1655
1502,1630
1522,1636
1511,1655
1538,1642
1555,1648
1570,1630
1590,1636
1579,1655
1614,1632
1623,1653
1604,1654
1648,1632
1657,1653
1638,1654
1684,1630
1673,1651
1684,1661
1725,1634
1706,1657
1719,1661
1760,1632
1739,1634
1750,1653
1776,1642
1793,1648
1808,1630
1828,1636
1817,1655
1854,1630
1843,1651
1854,1661
1876,1630
1896,1636
1885,1655
18,1692
7,1713
18,1723
52,1692
41,1713
52,1723
74,1692
94,1698
83,1717
127,1696
108,1719
121,1723
154,1692
143,1713
154,1723
178,1704
195,1710
212,1704
229,1710
256,1692
245,1713
256,1723
280,1704
297,1710
332,1694
311,1696
322,1715
366,1694
345,1696
356,1715
382,1704
399,1710
424,1694
433,1715
414,1716
468,1694
447,1696
458,1715
482,1692
502,1698
491,1717
535,1696
516,1719
529,1723
562,1692
551,1713
562,1723
604,1694
583,1696
594,1715
637,1696
618,1719
631,1723
654,1704
671,1710
696,1694
705,1715
686,1716
730,1694
739,1715
720,1716
766,1692
755,1713
766,1723
788,1692
808,1698
797,1717
832,1694
841,1715
822,1716
856,1692
876,1698
865,1717
902,1692
891,1713
902,1723
943,1696
924,1719
937,1723
978,1694
957,1696
968,1715
1012,1694
991,1696
1002,1715
1038,1692
1027,1713
1038,1723
1070,1694
1079,1715
1060,1716
1096,1704
1113,1710
1130,1704
1147,1710
1174,1692
1163,1713
1174,1723
1198,1704
1215,1710
1242,1692
1231,1713
1242,1723
1264,1692
1284,1698
1273,1717
1300,1704
1317,1710
1342,1694
1351,1715
1332,1716
1376,1694
1385,1715
1366,1716
1400,1692
1420,1698
1409,1717
1434,1692
1454,1698
1443,1717
1488,1694
1467,1696
1478,1715
1502,1692
1522,1698
1511,1717
1536,1692
1556,1698
1545,1717
1582,1692
1571,1713
1582,1723
1623,1696
1604,1719
1617,1723
1657,1696
1638,1719
1651,1723
1682,1694
1691,1715
1672,1716
1716,1694
1725,1715
1706,1716
1752,1692
1741,1713
1752,1723
1794,1694
1773,1696
1784,1715
1820,1692
1809,1713
1820,1723
1842,1692
1862,1698
1851,1717
1886,1694
1895,1715
1876,1716
6,1754
26,1760
15,1779
52,1754
41,1775
52,1785
93,1758
74,1781
87,1785
110,1766
127,1772
144,1766
161,1772
195,1758
176,1781
189,1785
212,1766
229,1772
263,1758
244,1781
257,1785
297,1758
278,1781
291,1785
332,1756
311,1758
322,1777
346,1754
366,1760
355,1779
392,1754
381,1775
392,1785
424,1756
433,1777
414,1778
458,1756
467,1777
448,1778
502,1756
481,1758
492,1777
528,1754
517,1775
528,1785
552,1766
569,1772
596,1754
585,1775
596,1785
630,1754
619,1775
630,1785
652,1754
672,1760
661,1779
706,1756
685,1758
696,1777
730,1756
739,1777
720,1778
774,1756
753,1758
764,1777
790,1766
807,1772
842,1756
821,1758
832,1777
866,1756
875,1777
856,1778
900,1756
909,1777
890,1778
926,1766
943,1772
970,1754
959,1775
970,1785
992,1754
1012,1760
1001,1779
1036,1756
1045,1777
1026,1778
1079,1758
1060,1781
1073,1785
1094,1754
1114,1760
1103,1779
1128,1754
1148,1760
1137,1779
1182,1756
1161,1758
1172,1777
1198,1766
1215,1772
1249,1758
1230,1781
1243,1785
1274,1756
1283,1777
1264,1778
1310,1754
1299,1775
1310,1785
1334,1766
1351,1772
1378,1754
1367,1775
1378,1785
1410,1756
1419,1777
1400,1778
1446,1754
1435,1775
1446,1785
1487,1758
1468,1781
1481,1785
1514,1754
1503,1775
1514,1785
1548,1754
1537,1775
1548,1785
1590,1756
1569,1758
1580,1777
1616,1754
1605,1775
1616,1785
1658,1756
1637,1758
1648,1777
1684,1754
1673,1775
1684,1785
1725,1758
1706,1781
1719,1785
1759,1758
1740,1781
1753,1785
1776,1766
1793,1772
1820,1754
1809,1775
1820,1785
1861,1758
1842,1781
1855,1785
1895,1758
1876,1781
1889,1785
26,1818
5,1820
16,1839
40,1816
60,1822
49,1841
84,1818
93,1839
74,1840
118,1818
127,1839
108,1840
162,1818
141,1820
152,1839
178,1828
195,1834
230,1818
209,1820
220,1839
264,1818
243,1820
254,1839
290,1816
279,1837
290,1847
314,1828
331,1834
356,1818
365,1839
346,1840
392,1816
381,1837
392,1847
434,1818
413,1820
424,1839
458,1818
467,1839
448,1840
492,1818
501,1839
482,1840
518,1828
535,1834
552,1828
569,1834
586,1828
603,1834
637,1820
618,1843
631,1847
662,1818
671,1839
652,1840
696,1818
705,1839
686,1840
732,1816
721,1837
732,1847
774,1818
753,1820
764,1839
790,1828
807,1834
822,1816
842,1822
831,1841
866,1818
875,1839
856,1840
900,1818
909,1839
890,1840
936,1816
925,1837
936,1847
958,1816
978,1822
967,1841
992,1816
1012,1822
1001,1841
1045,1820
1026,1843
1039,1847
1080,1818
1059,1820
1070,1839
1094,1816
1114,1822
1103,1841
1138,1818
1147,1839
1128,1840
1174,1816
1163,1837
1174,1847
1206,1818
1215,1839
1196,1840
1249,1820
1230,1843
1243,1847
1283,1820
1264,1843
1277,1847
1310,1816
1299,1837
1310,1847
1351,1820
1332,1843
1345,1847
1368,1828
1385,1834
1419,1820
1400,1843
1413,1847
1436,1828
1453,1834
1478,1818
1487,1839
1468,1840
1504,1828
1521,1834
1546,1818
1555,1839
1536,1840
1590,1818
1569,1820
1580,1839
1606,1828
1623,1834
1640,1828
1657,1834
1672,1816
1692,1822
1681,1841
1708,1828
1725,1834
1759,1820
1740,1843
1753,1847
1784,1818
1793,1839
1774,1840
1810,1828
1827,1834
1844,1828
1861,1834
1896,1818
1875,1820
1886,1839
8,1890
25,1896
40,1878
60,1884
49,1903
94,1880
73,1882
84,1901
108,1878
128,1884
117,1903
152,1880
161,1901
142,1902
186,1880
195,1901
176,1902
230,1880
209,1882
220,1901
254,1880
263,1901
244,1902
280,1890
297,1896
322,1880
331,1901
312,1902
346,1878
366,1884
355,1903
399,1882
380,1905
393,1909
424,1880
433,1901
414,1902
468,1880
447,1882
458,1901
492,1880
501,1901
482,1902
535,1882
516,1905
529,1909
550,1878
570,1884
559,1903
584,1878
604,1884
593,1903
630,1878
619,1899
630,1909
654,1890
671,1896
705,1882
686,1905
699,1909
740,1880
719,1882
730,1901
774,1880
753,1882
764,1901
800,1878
789,1899
800,1909
842,1880
821,1882
832,1901
866,1880
875,1901
856,1902
892,1890
909,1896
934,1880
943,1901
924,1902
970,1878
959,1899
970,1909
992,1878
1012,1884
1001,1903
1046,1880
1025,1882
1036,1901
1080,1880
1059,1882
1070,1901
1096,1890
1113,1896
1148,1880
1127,1882
1138,1901
1164,1890
1181,1896
1208,1878
1197,1899
1208,1909
1230,1878
1250,1884
1239,1903
1276,1878
1265,1899
1276,1909
1310,1878
1299,1899
1310,1909
1332,1878
1352,1884
1341,1903
1385,1882
1366,1905
1379,1909
1412,1878
1401,1899
1412,1909
1436,1890
1453,1896
1478,1880
1487,1901
1468,1902
1504,1890
1521,1896
1556,1880
1535,1882
1546,1901
1589,1882
1570,1905
1583,1909
1623,1882
1604,1905
1617,1909
1650,1878
1639,1899
1650,1909
1674,1890
1691,1896
1726,1880
1705,1882
1716,1901
1740,1878
1760,1884
1749,1903
1776,1890
1793,1896
1818,1880
1827,1901
1808,1902
1852,1880
1861,1901
1842,1902
1888,1878
1877,1899
1888,1909
25,1944
6,1967
19,1971
42,1952
59,1958
84,1942
93,1963
74,1964
127,1944
108,1967
121,1971
161,1944
142,1967
155,1971
196,1942
175,1944
186,1963
229,1944
210,1967
223,1971
244,1940
264,1946
253,1965
278,1940
298,1946
287,1965
322,1942
331,1963
312,1964
365,1944
346,1967
359,1971
380,1940
400,1946
389,1965
433,1944
414,1967
427,1971
467,1944
448,1967
461,1971
482,1940
502,1946
491,1965
528,1940
517,1961
528,1971
570,1942
549,1944
560,1963
594,1942
603,1963
584,1964
630,1940
619,1961
630,1971
664,1940
653,1961
664,1971
696,1942
705,1963
686,1964
730,1942
739,1963
720,1964
766,1940
755,1961
766,1971
788,1940
808,1946
797,1965
841,1944
822,1967
835,1971
868,1940
857,1961
868,1971
910,1942
889,1944
900,1963
943,1944
924,1967
937,1971
958,1940
978,1946
967,1965
1004,1940
993,1961
1004,1971
1028,1952
1045,1958
1079,1944
1060,1967
1073,1971
1114,1942
1093,1944
1104,1963
1140,1940
1129,1961
1140,1971
1181,1944
1162,1967
1175,1971
1196,1940
1216,1946
1205,1965
1240,1942
1249,1963
1230,1964
1264,1940
1284,1946
1273,1965
1298,1940
1318,1946
1307,1965
1342,1942
1351,1963
1332,1964
1366,1940
1386,1946
1375,1965
1402,1952
1419,1958
1454,1942
1433,1944
1444,1963
1468,1940
1488,1946
1477,1965
1512,1942
1521,1963
1502,1964
1546,1942
1555,1963
1536,1964
1570,1940
1590,1946
1579,1965
1614,1942
1623,1963
1604,1964
1657,1944
1638,1967
1651,1971
1682,1942
1691,1963
1672,1964
1725,1944
1706,1967
1719,1971
1760,1942
1739,1944
1750,1963
1793,1944
1774,1967
1787,1971
1828,1942
1807,1944
1818,1963
1844,1952
1861,1958
1896,1942
1875,1944
1886,1963
26,2004
5,2006
16,2025
60,2004
39,2006
50,2025
76,2014
93,2020
108,2002
128,2008
117,2027
162,2004
141,2006
152,2025
178,2014
195,2020
212,2014
229,2020
244,2002
264,2008
253,2027
280,2014
297,2020
312,2002
332,2008
321,2027
366,2004
345,2006
356,2025
392,2002
381,2023
392,2033
414,2002
434,2008
423,2027
468,2004
447,2006
458,2025
482,2002
502,2008
491,2027
535,2006
516,2029
529,2033
569,2006
550,2029
563,2033
584,2002
604,2008
593,2027
620,2014
637,2020
672,2004
651,2006
662,2025
696,2004
705,2025
686,2026
730,2004
739,2025
720,2026
764,2004
773,2025
754,2026
800,2002
789,2023
800,2033
841,2006
822,2029
835,2033
858,2014
875,2020
910,2004
889,2006
900,2025
926,2014
943,2020
977,2006
958,2029
971,2033
994,2014
1011,2020
1045,2006
1026,2029
1039,2033
1080,2004
1059,2006
1070,2025
1114,2004
1093,2006
1104,2025
1130,2014
1147,2020
1174,2002
1163,2023
1174,2033
1206,2004
1215,2025
1196,2026
1232,2014
1249,2020
1274,2004
1283,2025
1264,2026
1310,2002
1299,2023
1310,2033
1342,2004
1351,2025
1332,2026
1386,2004
1365,2006
1376,2025
1420,2004
1399,2006
1410,2025
1436,2014
1453,2020
1478,2004
1487,2025
1468,2026
1504,2014
1521,2020
1536,2002
1556,2008
1545,2027
1590,2004
1569,2006
1580,2025
1614,2004
1623,2025
1604,2026
1650,2002
1639,2023
1650,2033
1684,2002
1673,2023
1684,2033
1716,2004
1725,2025
1706,2026
1750,2004
1759,2025
1740,2026
1786,2002
1775,2023
1786,2033
1820,2002
1809,2023
1820,2033
1854,2002
1843,2023
1854,2033
1896,2004
1875,2006
1886,2025
6,2064
26,2070
15,2089
52,2064
41,2085
52,2095
76,2076
93,2082
120,2064
109,2085
120,2095
162,2066
141,2068
152,2087
186,2066
195,2087
176,2088
212,2076
229,2082
254,2066
263,2087
244,2088
298,2066
277,2068
288,2087
332,2066
311,2068
322,2087
366,2066
345,2068
356,2087
400,2066
379,2068
390,2087
426,2064
415,2085
426,2095
450,2076
467,2082
494,2064
483,2085
494,2095
516,2064
536,2070
525,2089
570,2066
549,2068
560,2087
604,2066
583,2068
594,2087
620,2076
637,2082
662,2066
671,2087
652,2088
696,2066
705,2087
686,2088
739,2068
720,2091
733,2095
774,2066
753,2068
764,2087
790,2076
807,2082
842,2066
821,2068
832,2087
875,2068
856,2091
869,2095
909,2068
890,2091
903,2095
934,2066
943,2087
924,2088
970,2064
959,2085
970,2095
992,2064
1012,2070
1001,2089
1026,2064
1046,2070
1035,2089
1060,2064
1080,2070
1069,2089
1104,2066
1113,2087
1094,2088
1140,2064
1129,2085
1140,2095
1162,2064
1182,2070
1171,2089
1198,2076
1215,2082
1249,2068
1230,2091
1243,2095
1276,2064
1265,2085
1276,2095
1308,2066
1317,2087
1298,2088
1332,2064
1352,2070
1341,2089
1368,2076
1385,2082
1400,2064
1420,2070
1409,2089
1444,2066
1453,2087
1434,2088
1487,2068
1468,2091
1481,2095
1521,2068
1502,2091
1515,2095
1536,2064
1556,2070
1545,2089
1590,2066
1569,2068
1580,2087
1623,2068
1604,2091
1617,2095
1650,2064
1639,2085
1650,2095
1682,2066
1691,2087
1672,2088
1706,2064
1726,2070
1715,2089
1742,2076
1759,2082
1784,2066
1793,2087
1774,2088
1820,2064
1809,2085
1820,2095
1842,2064
1862,2070
1851,2089
1896,2066
1875,2068
1886,2087
26,2128
5,2130
16,2149
60,2128
39,2130
50,2149
76,2138
93,2144
120,2126
109,2147
120,2157
162,2128
141,2130
152,2149
196,2128
175,2130
186,2149
220,2128
229,2149
210,2150
264,2128
243,2130
254,2149
297,2130
278,2153
291,2157
332,2128
311,2130
322,2149
365,2130
346,2153
359,2157
399,2130
380,2153
393,2157
416,2138
433,2144
460,2126
449,2147
460,2157
501,2130
482,2153
495,2157
526,2128
535,2149
516,2150
570,2128
549,2130
560,2149
603,2130
584,2153
597,2157
620,2138
637,2144
664,2126
653,2147
664,2157
688,2138
705,2144
722,2138
739,2144
756,2138
773,2144
798,2128
807,2149
788,2150
842,2128
821,2130
832,2149
858,2138
875,2144
902,2126
891,2147
902,2157
924,2126
944,2132
933,2151
977,2130
958,2153
971,2157
992,2126
1012,2132
1001,2151
1038,2126
1027,2147
1038,2157
1079,2130
1060,2153
1073,2157
1113,2130
1094,2153
1107,2157
1138,2128
1147,2149
1128,2150
1164,2138
1181,2144
1196,2126
1216,2132
1205,2151
1230,2126
1250,2132
1239,2151
1266,2138
1283,2144
1317,2130
1298,2153
1311,2157
1332,2126
1352,2132
1341,2151
1385,2130
1366,2153
1379,2157
1412,2126
1401,2147
1412,2157
1444,2128
1453,2149
1434,2150
1480,2126
1469,2147
1480,2157
1521,2130
1502,2153
1515,2157
1555,2130
1536,2153
1549,2157
1570,2126
1590,2132
1579,2151
1623,2130
1604,2153
1617,2157
1657,2130
1638,2153
1651,2157
1682,2128
1691,2149
1672,2150
1708,2138
1725,2144
1740,2126
1760,2132
1749,2151
1793,2130
1774,2153
1787,2157
1828,2128
1807,2130
1818,2149
1862,2128
1841,2130
1852,2149
1888,2126
1877,2147
1888,2157
26,2190
5,2192
16,2211
52,2188
41,2209
52,2219
93,2192
74,2215
87,2219
108,2188
128,2194
117,2213
162,2190
141,2192
152,2211
196,2190
175,2192
186,2211
222,2188
211,2209
222,2219
244,2188
264,2194
253,2213
278,2188
298,2194
287,2213
324,2188
313,2209
324,2219
358,2188
347,2209
358,2219
382,2200
399,2206
424,2190
433,2211
414,2212
467,2192
448,2215
461,2219
492,2190
501,2211
482,2212
518,2200
535,2206
552,2200
569,2206
586,2200
603,2206
620,2200
637,2206
672,2190
651,2192
662,2211
698,2188
687,2209
698,2219
732,2188
721,2209
732,2219
764,2190
773,2211
754,2212
798,2190
807,2211
788,2212
824,2200
841,2206
875,2192
856,2215
869,2219
900,2190
909,2211
890,2212
924,2188
944,2194
933,2213
960,2200
977,2206
1012,2190
991,2192
1002,2211
1026,2188
1046,2194
1035,2213
1062,2200
1079,2206
1104,2190
1113,2211
1094,2212
1147,2192
1128,2215
1141,2219
1162,2188
1182,2194
1171,2213
1216,2190
1195,2192
1206,2211
1240,2190
1249,2211
1230,2212
1266,2200
1283,2206
1318,2190
1297,2192
1308,2211
1344,2188
1333,2209
1344,2219
1366,2188
1386,2194
1375,2213
1410,2190
1419,2211
1400,2212
1453,2192
1434,2215
1447,2219
1488,2190
1467,2192
1478,2211
1522,2190
1501,2192
1512,2211
1546,2190
1555,2211
1536,2212
1580,2190
1589,2211
1570,2212
1604,2188
1624,2194
1613,2213
1638,2188
1658,2194
1647,2213
1674,2200
1691,2206
1716,2190
1725,2211
1706,2212
1759,2192
1740,2215
1753,2219
1793,2192
1774,2215
1787,2219
1828,2190
1807,2192
1818,2211
1861,2192
1842,2215
1855,2219
1888,2188
1877,2209
1888,2219
16,2252
25,2273
6,2274
50,2252
59,2273
40,2274
84,2252
93,2273
74,2274
127,2254
108,2277
121,2281
161,2254
142,2277
155,2281
178,2262
195,2268
220,2252
229,2273
210,2274
246,2262
263,2268
290,2250
279,2271
290,2281
331,2254
312,2277
325,2281
346,2250
366,2256
355,2275
399,2254
380,2277
393,2281
426,2250
415,2271
426,2281
468,2252
447,2254
458,2273
494,2250
483,2271
494,2281
536,2252
515,2254
526,2273
552,2262
569,2268
604,2252
583,2254
594,2273
630,2250
619,2271
630,2281
672,2252
651,2254
662,2273
698,2250
687,2271
698,2281
732,2250
721,2271
732,2281
774,2252
753,2254
764,2273
790,2262
807,2268
834,2250
823,2271
834,2281
866,2252
875,2273
856,2274
892,2262
909,2268
943,2254
924,2277
937,2281
960,2262
977,2268
1002,2252
1011,2273
992,2274
1038,2250
1027,2271
1038,2281
1072,2250
1061,2271
1072,2281
1114,2252
1093,2254
1104,2273
1147,2254
1128,2277
1141,2281
1174,2250
1163,2271
1174,2281
1196,2250
1216,2256
1205,2275
1250,2252
1229,2254
1240,2273
1276,2250
1265,2271
1276,2281
1300,2262
1317,2268
1332,2250
1352,2256
1341,2275
1378,2250
1367,2271
1378,2281
1402,2262
1419,2268
1446,2250
1435,2271
1446,2281
1480,2250
1469,2271
1480,2281
1514,2250
1503,2271
1514,2281
1546,2252
1555,2273
1536,2274
1572,2262
1589,2268
1616,2250
1605,2271
1616,2281
1650,2250
1639,2271
1650,2281
1672,2250
1692,2256
1681,2275
1716,2252
1725,2273
1706,2274
1740,2250
1760,2256
1749,2275
1776,2262
1793,2268
1808,2250
1828,2256
1817,2275
1861,2254
1842,2277
1855,2281
1876,2250
1896,2256
1885,2275
8,2324
25,2330
52,2312
41,2333
52,2343
94,2314
73,2316
84,2335
128,2314
107,2316
118,2335
142,2312
162,2318
151,2337
196,2314
175,2316
186,2335
212,2324
229,2330
246,2324
263,2330
280,2324
297,2330
314,2324
331,2330
365,2316
346,2339
359,2343
392,2312
381,2333
392,2343
434,2314
413,2316
424,2335
458,2314
467,2335
448,2336
492,2314
501,2335
482,2336
528,2312
517,2333
528,2343
570,2314
549,2316
560,2335
586,2324
603,2330
630,2312
619,2333
630,2343
654,2324
671,2330
696,2314
705,2335
686,2336
740,2314
719,2316
730,2335
774,2314
753,2316
764,2335
800,2312
789,2333
800,2343
834,2312
823,2333
834,2343
875,2316
856,2339
869,2343
890,2312
910,2318
899,2337
936,2312
925,2333
936,2343
970,2312
959,2333
970,2343
1004,2312
993,2333
1004,2343
1028,2324
1045,2330
1080,2314
1059,2316
1070,2335
1106,2312
1095,2333
1106,2343
1147,2316
1128,2339
1141,2343
1164,2324
1181,2330
1208,2312
1197,2333
1208,2343
1232,2324
1249,2330
1283,2316
1264,2339
1277,2343
1300,2324
1317,2330
1344,2312
1333,2333
1344,2343
1385,2316
1366,2339
1379,2343
1410,2314
1419,2335
1400,2336
1444,2314
1453,2335
1434,2336
1468,2312
1488,2318
1477,2337
1502,2312
1522,2318
1511,2337
1536,2312
1556,2318
1545,2337
1590,2314
1569,2316
1580,2335
1616,2312
1605,2333
1616,2343
1657,2316
1638,2339
1651,2343
1674,2324
1691,2330
1726,2314
1705,2316
1716,2335
1742,2324
1759,2330
1786,2312
1775,2333
1786,2343
1820,2312
1809,2333
1820,2343
1862,2314
1841,2316
1852,2335
1878,2324
1895,2330
16,2376
25,2397
6,2398
59,2378
40,2401
53,2405
84,2376
93,2397
74,2398
128,2376
107,2378
118,2397
152,2376
161,2397
142,2398
176,2374
196,2380
185,2399
230,2376
209,2378
220,2397
256,2374
245,2395
256,2405
278,2374
298,2380
287,2399
312,2374
332,2380
321,2399
346,2374
366,2380
355,2399
380,2374
400,2380
389,2399
416,2386
433,2392
468,2376
447,2378
458,2397
492,2376
501,2397
482,2398
536,2376
515,2378
526,2397
550,2374
570,2380
559,2399
604,2376
583,2378
594,2397
628,2376
637,2397
618,2398
662,2376
671,2397
652,2398
688,2386
705,2392
722,2386
739,2392
773,2378
754,2401
767,2405
800,2374
789,2395
800,2405
832,2376
841,2397
822,2398
866,2376
875,2397
856,2398
910,2376
889,2378
900,2397
936,2374
925,2395
936,2405
977,2378
958,2401
971,2405
992,2374
1012,2380
1001,2399
1046,2376
1025,2378
1036,2397
1080,2376
1059,2378
1070,2397
1094,2374
1114,2380
1103,2399
1140,2374
1129,2395
1140,2405
1174,2374
1163,2395
1174,2405
1216,2376
1195,2378
1206,2397
1230,2374
1250,2380
1239,2399
1266,2386
1283,2392
1317,2378
1298,2401
1311,2405
1342,2376
1351,2397
1332,2398
1378,2374
1367,2395
1378,2405
1412,2374
1401,2395
1412,2405
1446,2374
1435,2395
1446,2405
1480,2374
1469,2395
1480,2405
1502,2374
1522,2380
1511,2399
1538,2386
1555,2392
1580,2376
1589,2397
1570,2398
1623,2378
1604,2401
1617,2405
1658,2376
1637,2378
1648,2397
1682,2376
1691,2397
1672,2398
1726,2376
1705,2378
1716,2397
1760,2376
1739,2378
1750,2397
1794,2376
1773,2378
1784,2397
1827,2378
1808,2401
1821,2405
1852,2376
1861,2397
1842,2398
1878,2386
1895,2392
18,2436
7,2457
18,2467
52,2436
41,2457
52,2467
76,2448
93,2454
120,2436
109,2457
120,2467
162,2438
141,2440
152,2459
188,2436
177,2457
188,2467
229,2440
210,2463
223,2467
263,2440
244,2463
257,2467
288,2438
297,2459
278,2460
322,2438
331,2459
312,2460
356,2438
365,2459
346,2460
390,2438
399,2459
380,2460
416,2448
433,2454
448,2436
468,2442
457,2461
502,2438
481,2440
492,2459
518,2448
535,2454
562,2436
551,2457
562,2467
584,2436
604,2442
593,2461
618,2436
638,2442
627,2461
671,2440
652,2463
665,2467
696,2438
705,2459
686,2460
732,2436
721,2457
732,2467
756,2448
773,2454
798,2438
807,2459
788,2460
842,2438
821,2440
832,2459
868,2436
857,2457
868,2467
902,2436
891,2457
902,2467
926,2448
943,2454
977,2440
958,2463
971,2467
1004,2436
993,2457
1004,2467
1046,2438
1025,2440
1036,2459
1080,2438
1059,2440
1070,2459
1114,2438
1093,2440
1104,2459
1147,2440
1128,2463
1141,2467
1164,2448
1181,2454
1198,2448
1215,2454
1230,2436
1250,2442
1239,2461
1283,2440
1264,2463
1277,2467
1318,2438
1297,2440
1308,2459
1351,2440
1332,2463
1345,2467
1386,2438
1365,2440
1376,2459
1400,2436
1420,2442
1409,2461
1453,2440
1434,2463
1447,2467
1468,2436
1488,2442
1477,2461
1514,2436
1503,2457
1514,2467
1556,2438
1535,2440
1546,2459
1590,2438
1569,2440
1580,2459
1616,2436
1605,2457
1616,2467
1658,2438
1637,2440
1648,2459
1674,2448
1691,2454
1708,2448
1725,2454
1760,2438
1739,2440
1750,2459
1793,2440
1774,2463
1787,2467
1810,2448
1827,2454
1861,2440
1842,2463
1855,2467
1886,2438
1895,2459
1876,2460
6,2498
26,2504
15,2523
60,2500
39,2502
50,2521
94,2500
73,2502
84,2521
110,2510
127,2516
154,2498
143,2519
154,2529
186,2500
195,2521
176,2522
222,2498
211,2519
222,2529
246,2510
263,2516
280,2510
297,2516
312,2498
332,2504
321,2523
365,2502
346,2525
359,2529
400,2500
379,2502
390,2521
424,2500
433,2521
414,2522
458,2500
467,2521
448,2522
501,2502
482,2525
495,2529
516,2498
536,2504
525,2523
552,2510
569,2516
594,2500
603,2521
584,2522
637,2502
618,2525
631,2529
672,2500
651,2502
662,2521
688,2510
705,2516
722,2510
739,2516
766,2498
755,2519
766,2529
788,2498
808,2504
797,2523
834,2498
823,2519
834,2529
875,2502
856,2525
869,2529
902,2498
891,2519
902,2529
934,2500
943,2521
924,2522
960,2510
977,2516
994,2510
1011,2516
1038,2498
1027,2519
1038,2529
1060,2498
1080,2504
1069,2523
1106,2498
1095,2519
1106,2529
1138,2500
1147,2521
1128,2522
1162,2498
1182,2504
1171,2523
1208,2498
1197,2519
1208,2529
1230,2498
1250,2504
1239,2523
1266,2510
1283,2516
1298,2498
1318,2504
1307,2523
1334,2510
1351,2516
1378,2498
1367,2519
1378,2529
1400,2498
1420,2504
1409,2523
1436,2510
1453,2516
1478,2500
1487,2521
1468,2522
1502,2498
1522,2504
1511,2523
1548,2498
1537,2519
1548,2529
1582,2498
1571,2519
1582,2529
1624,2500
1603,2502
1614,2521
1658,2500
1637,2502
1648,2521
1692,2500
1671,2502
1682,2521
1706,2498
1726,2504
1715,2523
1750,2500
1759,2521
1740,2522
1793,2502
1774,2525
1787,2529
1827,2502
1808,2525
1821,2529
1854,2498
1843,2519
1854,2529
1878,2510
1895,2516
25,2564
6,2587
19,2591
50,2562
59,2583
40,2584
86,2560
75,2581
86,2591
127,2564
108,2587
121,2591
162,2562
141,2564
152,2583
178,2572
195,2578
212,2572
229,2578
244,2560
264,2566
253,2585
280,2572
297,2578
322,2562
331,2583
312,2584
365,2564
346,2587
359,2591
382,2572
399,2578
414,2560
434,2566
423,2585
458,2562
467,2583
448,2584
492,2562
501,2583
482,2584
536,2562
515,2564
526,2583
569,2564
550,2587
563,2591
584,2560
604,2566
593,2585
638,2562
617,2564
628,2583
672,2562
651,2564
662,2583
686,2560
706,2566
695,2585
730,2562
739,2583
720,2584
754,2560
774,2566
763,2585
790,2572
807,2578
832,2562
841,2583
822,2584
876,2562
855,2564
866,2583
890,2560
910,2566
899,2585
944,2562
923,2564
934,2583
978,2562
957,2564
968,2583
1002,2562
1011,2583
992,2584
1036,2562
1045,2583
1026,2584
1062,2572
1079,2578
1114,2562
1093,2564
1104,2583
1147,2564
1128,2587
1141,2591
1162,2560
1182,2566
1171,2585
1215,2564
1196,2587
1209,2591
1249,2564
1230,2587
1243,2591
1276,2560
1265,2581
1276,2591
1310,2560
1299,2581
1310,2591
1332,2560
1352,2566
1341,2585
1366,2560
1386,2566
1375,2585
1410,2562
1419,2583
1400,2584
1444,2562
1453,2583
1434,2584
1487,2564
1468,2587
1481,2591
1514,2560
1503,2581
1514,2591
1536,2560
1556,2566
1545,2585
1572,2572
1589,2578
1624,2562
1603,2564
1614,2583
1657,2564
1638,2587
1651,2591
1672,2560
1692,2566
1681,2585
1708,2572
1725,2578
1759,2564
1740,2587
1753,2591
1786,2560
1775,2581
1786,2591
1820,2560
1809,2581
1820,2591
1854,2560
1843,2581
1854,2591
1876,2560
1896,2566
1885,2585
18,2622
7,2643
18,2653
60,2624
39,2626
50,2645
84,2624
93,2645
74,2646
110,2634
127,2640
152,2624
161,2645
142,2646
186,2624
195,2645
176,2646
220,2624
229,2645
210,2646
256,2622
245,2643
256,2653
290,2622
279,2643
290,2653
322,2624
331,2645
312,2646
358,2622
347,2643
358,2653
390,2624
399,2645
380,2646
426,2622
415,2643
426,2653
467,2626
448,2649
461,2653
494,2622
483,2643
494,2653
518,2634
535,2640
560,2624
569,2645
550,2646
584,2622
604,2628
593,2647
630,2622
619,2643
630,2653
654,2634
671,2640
688,2634
705,2640
739,2626
720,2649
733,2653
774,2624
753,2626
764,2645
808,2624
787,2626
798,2645
841,2626
822,2649
835,2653
856,2622
876,2628
865,2647
909,2626
890,2649
903,2653
926,2634
943,2640
978,2624
957,2626
968,2645
1004,2622
993,2643
1004,2653
1038,2622
1027,2643
1038,2653
1062,2634
1079,2640
1104,2624
1113,2645
1094,2646
1138,2624
1147,2645
1128,2646
1172,2624
1181,2645
1162,2646
1206,2624
1215,2645
1196,2646
1240,2624
1249,2645
1230,2646
1284,2624
1263,2626
1274,2645
1318,2624
1297,2626
1308,2645
1334,2634
1351,2640
1368,2634
1385,2640
1400,2622
1420,2628
1409,2647
1454,2624
1433,2626
1444,2645
1480,2622
1469,2643
1480,2653
1502,2622
1522,2628
1511,2647
1538,2634
1555,2640
1570,2622
1590,2628
1579,2647
1604,2622
1624,2628
1613,2647
1638,2622
1658,2628
1647,2647
1682,2624
1691,2645
1672,2646
1716,2624
1725,2645
1706,2646
1750,2624
1759,2645
1740,2646
1793,2626
1774,2649
1787,2653
1828,2624
1807,2626
1818,2645
1842,2622
1862,2628
1851,2647
1876,2622
1896,2628
1885,2647
16,2686
25,2707
6,2708
52,2684
41,2705
52,2715
93,2688
74,2711
87,2715
110,2696
127,2702
162,2686
141,2688
152,2707
196,2686
175,2688
186,2707
210,2684
230,2690
219,2709
263,2688
244,2711
257,2715
297,2688
278,2711
291,2715
332,2686
311,2688
322,2707
365,2688
346,2711
359,2715
382,2696
399,2702
416,2696
433,2702
458,2686
467,2707
448,2708
482,2684
502,2690
491,2709
536,2686
515,2688
526,2707
550,2684
570,2690
559,2709
586,2696
603,2702
638,2686
617,2688
628,2707
654,2696
671,2702
706,2686
685,2688
696,2707
739,2688
720,2711
733,2715
756,2696
773,2702
800,2684
789,2705
800,2715
834,2684
823,2705
834,2715
856,2684
876,2690
865,2709
890,2684
910,2690
899,2709
944,2686
923,2688
934,2707
960,2696
977,2702
994,2696
1011,2702
1028,2696
1045,2702
1060,2684
1080,2690
1069,2709
1113,2688
1094,2711
1107,2715
1147,2688
1128,2711
1141,2715
1181,2688
1162,2711
1175,2715
1206,2686
1215,2707
1196,2708
1249,2688
1230,2711
1243,2715
1283,2688
1264,2711
1277,2715
1308,2686
1317,2707
1298,2708
1332,2684
1352,2690
1341,2709
1385,2688
1366,2711
1379,2715
1400,2684
1420,2690
1409,2709
1434,2684
1454,2690
1443,2709
1468,2684
1488,2690
1477,2709
1512,2686
1521,2707
1502,2708
1555,2688
1536,2711
1549,2715
1570,2684
1590,2690
1579,2709
1604,2684
1624,2690
1613,2709
1648,2686
1657,2707
1638,2708
1692,2686
1671,2688
1682,2707
1725,2688
1706,2711
1719,2715
1760,2686
1739,2688
1750,2707
1776,2696
1793,2702
1818,2686
1827,2707
1808,2708
1852,2686
1861,2707
1842,2708
1888,2684
1877,2705
1888,2715
8,2758
25,2764
40,2746
60,2752
49,2771
94,2748
73,2750
84,2769
108,2746
128,2752
117,2771
142,2746
162,2752
151,2771
188,2746
177,2767
188,2777
210,2746
230,2752
219,2771
244,2746
264,2752
253,2771
298,2748
277,2750
288,2769
314,2758
331,2764
366,2748
345,2750
356,2769
392,2746
381,2767
392,2777
426,2746
415,2767
426,2777
458,2748
467,2769
448,2770
492,2748
501,2769
482,2770
526,2748
535,2769
516,2770
570,2748
549,2750
560,2769
594,2748
603,2769
584,2770
628,2748
637,2769
618,2770
672,2748
651,2750
662,2769
705,2750
686,2773
699,2777
722,2758
739,2764
773,2750
754,2773
767,2777
790,2758
807,2764
822,2746
842,2752
831,2771
858,2758
875,2764
902,2746
891,2767
902,2777
944,2748
923,2750
934,2769
978,2748
957,2750
968,2769
994,2758
1011,2764
1028,2758
1045,2764
1060,2746
1080,2752
1069,2771
1094,2746
1114,2752
1103,2771
1147,2750
1128,2773
1141,2777
1164,2758
1181,2764
1196,2746
1216,2752
1205,2771
1242,2746
1231,2767
1242,2777
1274,2748
1283,2769
1264,2770
1300,2758
1317,2764
1344,2746
1333,2767
1344,2777
1385,2750
1366,2773
1379,2777
1402,2758
1419,2764
1446,2746
1435,2767
1446,2777
1487,2750
1468,2773
1481,2777
1521,2750
1502,2773
1515,2777
1536,2746
1556,2752
1545,2771
1590,2748
1569,2750
1580,2769
1616,2746
1605,2767
1616,2777
1638,2746
1658,2752
1647,2771
1692,2748
1671,2750
1682,2769
1726,2748
1705,2750
1716,2769
1740,2746
1760,2752
1749,2771
1784,2748
1793,2769
1774,2770
1810,2758
1827,2764
1861,2750
1842,2773
1855,2777
1888,2746
1877,2767
1888,2777
25,2812
6,2835
19,2839
59,2812
40,2835
53,2839
86,2808
75,2829
86,2839
128,2810
107,2812
118,2831
142,2808
162,2814
151,2833
196,2810
175,2812
186,2831
210,2808
230,2814
219,2833
254,2810
263,2831
244,2832
298,2810
277,2812
288,2831
331,2812
312,2835
325,2839
365,2812
346,2835
359,2839
380,2808
400,2814
389,2833
424,2810
433,2831
414,2832
450,2820
467,2826
502,2810
481,2812
492,2831
535,2812
516,2835
529,2839
550,2808
570,2814
559,2833
586,2820
603,2826
620,2820
637,2826
652,2808
672,2814
661,2833
696,2810
705,2831
686,2832
732,2808
721,2829
732,2839
764,2810
773,2831
754,2832
808,2810
787,2812
798,2831
842,2810
821,2812
832,2831
866,2810
875,2831
856,2832
910,2810
889,2812
900,2831
936,2808
925,2829
936,2839
978,2810
957,2812
968,2831
994,2820
1011,2826
1046,2810
1025,2812
1036,2831
1062,2820
1079,2826
1096,2820
1113,2826
1128,2808
1148,2814
1137,2833
1182,2810
1161,2812
1172,2831
1206,2810
1215,2831
1196,2832
1232,2820
1249,2826
1274,2810
1283,2831
1264,2832
1318,2810
1297,2812
1308,2831
1334,2820
1351,2826
1376,2810
1385,2831
1366,2832
1420,2810
1399,2812
1410,2831
1436,2820
1453,2826
1478,2810
1487,2831
1468,2832
1521,2812
1502,2835
1515,2839
1546,2810
1555,2831
1536,2832
1572,2820
1589,2826
1624,2810
1603,2812
1614,2831
1650,2808
1639,2829
1650,2839
1682,2810
1691,2831
1672,2832
1718,2808
1707,2829
1718,2839
1760,2810
1739,2812
1750,2831
1784,2810
1793,2831
1774,2832
1808,2808
1828,2814
1817,2833
1862,2810
1841,2812
1852,2831
1896,2810
1875,2812
1886,2831
6,2870
26,2876
15,2895
50,2872
59,2893
40,2894
93,2874
74,2897
87,2901
128,2872
107,2874
118,2893
154,2870
143,2891
154,2901
188,2870
177,2891
188,2901
212,2882
229,2888
264,2872
243,2874
254,2893
278,2870
298,2876
287,2895
314,2882
331,2888
365,2874
346,2897
359,2901
380,2870
400,2876
389,2895
416,2882
433,2888
450,2882
467,2888
482,2870
502,2876
491,2895
535,2874
516,2897
529,2901
570,2872
549,2874
560,2893
584,2870
604,2876
593,2895
630,2870
619,2891
630,2901
671,2874
652,2897
665,2901
698,2870
687,2891
698,2901
732,2870
721,2891
732,2901
764,2872
773,2893
754,2894
807,2874
788,2897
801,2901
841,2874
822,2897
835,2901
858,2882
875,2888
892,2882
909,2888
944,2872
923,2874
934,2893
968,2872
977,2893
958,2894
1012,2872
991,2874
1002,2893
1026,2870
1046,2876
1035,2895
1070,2872
1079,2893
1060,2894
1094,2870
1114,2876
1103,2895
1147,2874
1128,2897
1141,2901
1174,2870
1163,2891
1174,2901
1215,2874
1196,2897
1209,2901
1240,2872
1249,2893
1230,2894
1276,2870
1265,2891
1276,2901
1310,2870
1299,2891
1310,2901
1332,2870
1352,2876
1341,2895
1376,2872
1385,2893
1366,2894
1412,2870
1401,2891
1412,2901
1436,2882
1453,2888
1480,2870
1469,2891
1480,2901
1521,2874
1502,2897
1515,2901
1548,2870
1537,2891
1548,2901
1570,2870
1590,2876
1579,2895
1614,2872
1623,2893
1604,2894
1658,2872
1637,2874
1648,2893
1691,2874
1672,2897
1685,2901
1716,2872
1725,2893
1706,2894
1760,2872
1739,2874
1750,2893
1774,2870
1794,2876
1783,2895
1808,2870
1828,2876
1817,2895
1842,2870
1862,2876
1851,2895
1878,2882
1895,2888
6,2932
26,2938
15,2957
52,2932
41,2953
52,2963
76,2944
93,2950
108,2932
128,2938
117,2957
144,2944
161,2950
178,2944
195,2950
220,2934
229,2955
210,2956
246,2944
263,2950
280,2944
297,2950
314,2944
331,2950
348,2944
365,2950
380,2932
400,2938
389,2957
424,2934
433,2955
414,2956
450,2944
467,2950
502,2934
481,2936
492,2955
528,2932
517,2953
528,2963
560,2934
569,2955
550,2956
604,2934
583,2936
594,2955
637,2936
618,2959
631,2963
664,2932
653,2953
664,2963
688,2944
705,2950
730,2934
739,2955
720,2956
773,2936
754,2959
767,2963
807,2936
788,2959
801,2963
842,2934
821,2936
832,2955
875,2936
856,2959
869,2963
910,2934
889,2936
900,2955
926,2944
943,2950
978,2934
957,2936
968,2955
1011,2936
992,2959
1005,2963
1045,2936
1026,2959
1039,2963
1080,2934
1059,2936
1070,2955
1113,2936
1094,2959
1107,2963
1138,2934
1147,2955
1128,2956
1181,2936
1162,2959
1175,2963
1198,2944
1215,2950
1230,2932
1250,2938
1239,2957
1264,2932
1284,2938
1273,2957
1318,2934
1297,2936
1308,2955
1344,2932
1333,2953
1344,2963
1376,2934
1385,2955
1366,2956
1410,2934
1419,2955
1400,2956
1436,2944
1453,2950
1478,2934
1487,2955
1468,2956
1504,2944
1521,2950
1546,2934
1555,2955
1536,2956
1590,2934
1569,2936
1580,2955
1624,2934
1603,2936
1614,2955
1657,2936
1638,2959
1651,2963
1674,2944
1691,2950
1716,2934
1725,2955
1706,2956
1760,2934
1739,2936
1750,2955
1793,2936
1774,2959
1787,2963
1828,2934
1807,2936
1818,2955
1862,2934
1841,2936
1852,2955
1878,2944
1895,2950
6,2994
26,3000
15,3019
52,2994
41,3015
52,3025
94,2996
73,2998
84,3017
108,2994
128,3000
117,3019
144,3006
161,3012
186,2996
195,3017
176,3018
220,2996
229,3017
210,3018
254,2996
263,3017
244,3018
297,2998
278,3021
291,3025
322,2996
331,3017
312,3018
356,2996
365,3017
346,3018
400,2996
379,2998
390,3017
433,2998
414,3021
427,3025
467,2998
448,3021
461,3025
501,2998
482,3021
495,3025
536,2996
515,2998
526,3017
560,2996
569,3017
550,3018
604,2996
583,2998
594,3017
637,2998
618,3021
631,3025
671,2998
652,3021
665,3025
696,2996
705,3017
686,3018
739,2998
720,3021
733,3025
774,2996
753,2998
764,3017
798,2996
807,3017
788,3018
842,2996
821,2998
832,3017
856,2994
876,3000
865,3019
900,2996
909,3017
890,3018
926,3006
943,3012
978,2996
957,2998
968,3017
1004,2994
993,3015
1004,3025
1045,2998
1026,3021
1039,3025
1079,2998
1060,3021
1073,3025
1113,2998
1094,3021
1107,3025
1128,2994
1148,3000
1137,3019
1174,2994
1163,3015
1174,3025
1198,3006
1215,3012
1240,2996
1249,3017
1230,3018
1264,2994
1284,3000
1273,3019
1298,2994
1318,3000
1307,3019
1334,3006
1351,3012
1368,3006
1385,3012
1402,3006
1419,3012
1444,2996
1453,3017
1434,3018
1488,2996
1467,2998
1478,3017
1522,2996
1501,2998
1512,3017
1556,2996
1535,2998
1546,3017
1580,2996
1589,3017
1570,3018
1624,2996
1603,2998
1614,3017
1650,2994
1639,3015
1650,3025
1691,2998
1672,3021
1685,3025
1716,2996
1725,3017
1706,3018
1740,2994
1760,3000
1749,3019
1786,2994
1775,3015
1786,3025
1808,2994
1828,3000
1817,3019
1842,2994
1862,3000
1851,3019
1878,3006
1895,3012
8,3068
25,3074
52,3056
41,3077
52,3087
84,3058
93,3079
74,3080
118,3058
127,3079
108,3080
161,3060
142,3083
155,3087
196,3058
175,3060
186,3079
230,3058
209,3060
220,3079
264,3058
243,3060
254,3079
278,3056
298,3062
287,3081
332,3058
311,3060
322,3079
356,3058
365,3079
346,3080
380,3056
400,3062
389,3081
426,3056
415,3077
426,3087
460,3056
449,3077
460,3087
492,3058
501,3079
482,3080
516,3056
536,3062
525,3081
569,3060
550,3083
563,3087
604,3058
583,3060
594,3079
620,3068
637,3074
664,3056
653,3077
664,3087
705,3060
686,3083
699,3087
720,3056
740,3062
729,3081
774,3058
753,3060
764,3079
808,3058
787,3060
798,3079
842,3058
821,3060
832,3079
856,3056
876,3062
865,3081
890,3056
910,3062
899,3081
936,3056
925,3077
936,3087
968,3058
977,3079
958,3080
1012,3058
991,3060
1002,3079
1036,3058
1045,3079
1026,3080
1060,3056
1080,3062
1069,3081
1114,3058
1093,3060
1104,3079
1140,3056
1129,3077
1140,3087
1181,3060
1162,3083
1175,3087
1196,3056
1216,3062
1205,3081
1232,3068
1249,3074
1264,3056
1284,3062
1273,3081
1298,3056
1318,3062
1307,3081
1342,3058
1351,3079
1332,3080
1385,3060
1366,3083
1379,3087
1420,3058
1399,3060
1410,3079
1446,3056
1435,3077
1446,3087
1468,3056
1488,3062
1477,3081
1502,3056
1522,3062
1511,3081
1538,3068
1555,3074
1572,3068
1589,3074
1624,3058
1603,3060
1614,3079
1657,3060
1638,3083
1651,3087
1672,3056
1692,3062
1681,3081
1708,3068
1725,3074
1750,3058
1759,3079
1740,3080
1794,3058
1773,3060
1784,3079
1810,3068
1827,3074
1862,3058
1841,3060
1852,3079
1886,3058
1895,3079
1876,3080
26,3120
5,3122
16,3141
52,3118
41,3139
52,3149
86,3118
75,3139
86,3149
128,3120
107,3122
118,3141
161,3122
142,3145
155,3149
188,3118
177,3139
188,3149
210,3118
230,3124
219,3143
244,3118
264,3124
253,3143
298,3120
277,3122
288,3141
312,3118
332,3124
321,3143
348,3130
365,3136
392,3118
381,3139
392,3149
416,3130
433,3136
448,3118
468,3124
457,3143
494,3118
483,3139
494,3149
516,3118
536,3124
525,3143
562,3118
551,3139
562,3149
584,3118
604,3124
593,3143
637,3122
618,3145
631,3149
671,3122
652,3145
665,3149
686,3118
706,3124
695,3143
739,3122
720,3145
733,3149
773,3122
754,3145
767,3149
788,3118
808,3124
797,3143
834,3118
823,3139
834,3149
858,3130
875,3136
892,3130
909,3136
944,3120
923,3122
934,3141
960,3130
977,3136
1002,3120
1011,3141
992,3142
1026,3118
1046,3124
1035,3143
1062,3130
1079,3136
1104,3120
1113,3141
1094,3142
1147,3122
1128,3145
1141,3149
1162,3118
1182,3124
1171,3143
1206,3120
1215,3141
1196,3142
1250,3120
1229,3122
1240,3141
1264,3118
1284,3124
1273,3143
1310,3118
1299,3139
1310,3149
1352,3120
1331,3122
1342,3141
1386,3120
1365,3122
1376,3141
1410,3120
1419,3141
1400,3142
1453,3122
1434,3145
1447,3149
1468,3118
1488,3124
1477,3143
1521,3122
1502,3145
1515,3149
1548,3118
1537,3139
1548,3149
1582,3118
1571,3139
1582,3149
1604,3118
1624,3124
1613,3143
1638,3118
1658,3124
1647,3143
1691,3122
1672,3145
1685,3149
1718,3118
1707,3139
1718,3149
1759,3122
1740,3145
1753,3149
1776,3130
1793,3136
1827,3122
1808,3145
1821,3149
1862,3120
1841,3122
1852,3141
1896,3120
1875,3122
1886,3141
6,3180
26,3186
15,3205
60,3182
39,3184
50,3203
94,3182
73,3184
84,3203
127,3184
108,3207
121,3211
154,3180
143,3201
154,3211
188,3180
177,3201
188,3211
222,3180
211,3201
222,3211
254,3182
263,3203
244,3204
278,3180
298,3186
287,3205
331,3184
312,3207
325,3211
346,3180
366,3186
355,3205
392,3180
381,3201
392,3211
426,3180
415,3201
426,3211
458,3182
467,3203
448,3204
501,3184
482,3207
495,3211
535,3184
516,3207
529,3211
569,3184
550,3207
563,3211
594,3182
603,3203
584,3204
620,3192
637,3198
654,3192
671,3198
696,3182
705,3203
686,3204
732,3180
721,3201
732,3211
766,3180
755,3201
766,3211
788,3180
808,3186
797,3205
822,3180
842,3186
831,3205
868,3180
857,3201
868,3211
900,3182
909,3203
890,3204
936,3180
925,3201
936,3211
977,3184
958,3207
971,3211
1002,3182
1011,3203
992,3204
1038,3180
1027,3201
1038,3211
1070,3182
1079,3203
1060,3204
1106,3180
1095,3201
1106,3211
1148,3182
1127,3184
1138,3203
1172,3182
1181,3203
1162,3204
1196,3180
1216,3186
1205,3205
1230,3180
1250,3186
1239,3205
1276,3180
1265,3201
1276,3211
1308,3182
1317,3203
1298,3204
1342,3182
1351,3203
1332,3204
1366,3180
1386,3186
1375,3205
1400,3180
1420,3186
1409,3205
1436,3192
1453,3198
1470,3192
1487,3198
1504,3192
1521,3198
1556,3182
1535,3184
1546,3203
1590,3182
1569,3184
1580,3203
1606,3192
1623,3198
1640,3192
1657,3198
1692,3182
1671,3184
1682,3203
1708,3192
1725,3198
1760,3182
1739,3184
1750,3203
1784,3182
1793,3203
1774,3204
1808,3180
1828,3186
1817,3205
1854,3180
1843,3201
1854,3211
1895,3184
1876,3207
1889,3211
16,3244
25,3265
6,3266
40,3242
60,3248
49,3267
86,3242
75,3263
86,3273
128,3244
107,3246
118,3265
152,3244
161,3265
142,3266
178,3254
195,3260
230,3244
209,3246
220,3265
254,3244
263,3265
244,3266
280,3254
297,3260
322,3244
331,3265
312,3266
358,3242
347,3263
358,3273
400,3244
379,3246
390,3265
414,3242
434,3248
423,3267
467,3246
448,3269
461,3273
502,3244
481,3246
492,3265
528,3242
517,3263
528,3273
570,3244
549,3246
560,3265
604,3244
583,3246
594,3265
637,3246
618,3269
631,3273
654,3254
671,3260
696,3244
705,3265
686,3266
732,3242
721,3263
732,3273
764,3244
773,3265
754,3266
798,3244
807,3265
788,3266
841,3246
822,3269
835,3273
866,3244
875,3265
856,3266
909,3246
890,3269
903,3273
924,3242
944,3248
933,3267
958,3242
978,3248
967,3267
1012,3244
991,3246
1002,3265
1028,3254
1045,3260
1060,3242
1080,3248
1069,3267
1106,3242
1095,3263
1106,3273
1148,3244
1127,3246
1138,3265
1172,3244
1181,3265
1162,3266
1215,3246
1196,3269
1209,3273
1230,3242
1250,3248
1239,3267
1276,3242
1265,3263
1276,3273
1318,3244
1297,3246
1308,3265
1352,3244
1331,3246
1342,3265
1378,3242
1367,3263
1378,3273
1400,3242
1420,3248
1409,3267
1434,3242
1454,3248
1443,3267
1478,3244
1487,3265
1468,3266
1504,3254
1521,3260
1546,3244
1555,3265
1536,3266
1582,3242
1571,3263
1582,3273
1614,3244
1623,3265
1604,3266
1657,3246
1638,3269
1651,3273
1682,3244
1691,3265
1672,3266
1708,3254
1725,3260
1752,3242
1741,3263
1752,3273
1793,3246
1774,3269
1787,3273
1827,3246
1808,3269
1821,3273
1852,3244
1861,3265
1842,3266
1886,3244
1895,3265
1876,3266
16,3306
25,3327
6,3328
59,3308
40,3331
53,3335
76,3316
93,3322
127,3308
108,3331
121,3335
154,3304
143,3325
154,3335
178,3316
195,3322
230,3306
209,3308
220,3327
246,3316
263,3322
288,3306
297,3327
278,3328
322,3306
331,3327
312,3328
358,3304
347,3325
358,3335
390,3306
399,3327
380,3328
416,3316
433,3322
458,3306
467,3327
448,3328
501,3308
482,3331
495,3335
518,3316
535,3322
570,3306
549,3308
560,3327
586,3316
603,3322
620,3316
637,3322
672,3306
651,3308
662,3327
688,3316
705,3322
740,3306
719,3308
730,3327
774,3306
753,3308
764,3327
800,3304
789,3325
800,3335
824,3316
841,3322
868,3304
857,3325
868,3335
892,3316
909,3322
936,3304
925,3325
936,3335
977,3308
958,3331
971,3335
992,3304
1012,3310
1001,3329
1038,3304
1027,3325
1038,3335
1070,3306
1079,3327
1060,3328
1094,3304
1114,3310
1103,3329
1140,3304
1129,3325
1140,3335
1162,3304
1182,3310
1171,3329
1206,3306
1215,3327
1196,3328
1250,3306
1229,3308
1240,3327
1284,3306
1263,3308
1274,3327
1308,3306
1317,3327
1298,3328
1344,3304
1333,3325
1344,3335
1366,3304
1386,3310
1375,3329
1410,3306
1419,3327
1400,3328
1436,3316
1453,3322
1488,3306
1467,3308
1478,3327
1521,3308
1502,3331
1515,3335
1555,3308
1536,3331
1549,3335
1582,3304
1571,3325
1582,3335
1614,3306
1623,3327
1604,3328
1638,3304
1658,3310
1647,3329
1674,3316
1691,3322
1716,3306
1725,3327
1706,3328
1752,3304
1741,3325
1752,3335
1793,3308
1774,3331
1787,3335
1820,3304
1809,3325
1820,3335
1854,3304
1843,3325
1854,3335
1886,3306
1895,3327
1876,3328
26,3368
5,3370
16,3389
52,3366
41,3387
52,3397
86,3366
75,3387
86,3397
108,3366
128,3372
117,3391
154,3366
143,3387
154,3397
186,3368
195,3389
176,3390
212,3378
229,3384
256,3366
245,3387
256,3397
280,3378
297,3384
324,3366
313,3387
324,3397
358,3366
347,3387
358,3397
400,3368
379,3370
390,3389
416,3378
433,3384
468,3368
447,3370
458,3389
494,3366
483,3387
494,3397
536,3368
515,3370
526,3389
560,3368
569,3389
550,3390
604,3368
583,3370
594,3389
618,3366
638,3372
627,3391
652,3366
672,3372
661,3391
706,3368
685,3370
696,3389
740,3368
719,3370
730,3389
774,3368
753,3370
764,3389
790,3378
807,3384
842,3368
821,3370
832,3389
868,3366
857,3387
868,3397
909,3370
890,3393
903,3397
926,3378
943,3384
960,3378
977,3384
1004,3366
993,3387
1004,3397
1045,3370
1026,3393
1039,3397
1062,3378
1079,3384
1113,3370
1094,3393
1107,3397
1138,3368
1147,3389
1128,3390
1181,3370
1162,3393
1175,3397
1208,3366
1197,3387
1208,3397
1250,3368
1229,3370
1240,3389
1284,3368
1263,3370
1274,3389
1300,3378
1317,3384
1334,3378
1351,3384
1376,3368
1385,3389
1366,3390
1412,3366
1401,3387
1412,3397
1436,3378
1453,3384
1480,3366
1469,3387
1480,3397
1512,3368
1521,3389
1502,3390
1546,3368
1555,3389
1536,3390
1570,3366
1590,3372
1579,3391
1623,3370
1604,3393
1617,3397
1640,3378
1657,3384
1692,3368
1671,3370
1682,3389
1706,3366
1726,3372
1715,3391
1742,3378
1759,3384
1794,3368
1773,3370
1784,3389
1810,3378
1827,3384
1844,3378
1861,3384
1896,3368
1875,3370
1886,3389
6,3428
26,3434
15,3453
50,3430
59,3451
40,3452
93,3432
74,3455
87,3459
110,3440
127,3446
142,3428
162,3434
151,3453
178,3440
195,3446
220,3430
229,3451
210,3452
256,3428
245,3449
256,3459
290,3428
279,3449
290,3459
324,3428
313,3449
324,3459
348,3440
365,3446
380,3428
400,3434
389,3453
426,3428
415,3449
426,3459
448,3428
468,3434
457,3453
482,3428
502,3434
491,3453
536,3430
515,3432
526,3451
562,3428
551,3449
562,3459
584,3428
604,3434
593,3453
630,3428
619,3449
630,3459
664,3428
653,3449
664,3459
686,3428
706,3434
695,3453
722,3440
739,3446
764,3430
773,3451
754,3452
798,3430
807,3451
788,3452
834,3428
823,3449
834,3459
868,3428
857,3449
868,3459
902,3428
891,3449
902,3459
944,3430
923,3432
934,3451
960,3440
977,3446
1004,3428
993,3449
1004,3459
1046,3430
1025,3432
1036,3451
1079,3432
1060,3455
1073,3459
1113,3432
1094,3455
1107,3459
1148,3430
1127,3432
1138,3451
1182,3430
1161,3432
1172,3451
1206,3430
1215,3451
1196,3452
1240,3430
1249,3451
1230,3452
1284,3430
1263,3432
1274,3451
1300,3440
1317,3446
1332,3428
1352,3434
1341,3453
1366,3428
1386,3434
1375,3453
1420,3430
1399,3432
1410,3451
1434,3428
1454,3434
1443,3453
1480,3428
1469,3449
1480,3459
1512,3430
1521,3451
1502,3452
1555,3432
1536,3455
1549,3459
1570,3428
1590,3434
1579,3453
1614,3430
1623,3451
1604,3452
1658,3430
1637,3432
1648,3451
1692,3430
1671,3432
1682,3451
1716,3430
1725,3451
1706,3452
1750,3430
1759,3451
1740,3452
1784,3430
1793,3451
1774,3452
1820,3428
1809,3449
1820,3459
1861,3432
1842,3455
1855,3459
1888,3428
1877,3449
1888,3459
